1500508123295,60531416,"[[2325.8979, 0.0], [2325.8983, 0.31284339]]",[]
1500508123303,60531417,"[[2325.8984, 0.20384774], [2325.8981, 0.0]]",[]
1500508123478,60531418,"[[2325.8983, 0.0], [2325.8985, 0.31284339]]",[]
1500508123514,60531419,"[[2323.7621, 0.0]]",[]
1500508123699,60531420,"[[2325.8868, 0.51749659]]",[]
1500508123707,60531421,"[[2325.8984, 0.0], [2325.8986, 0.20384774]]",[]
1500508123881,60531422,"[[2325.8985, 0.0], [2325.8983, 0.31284339]]",[]
1500508124057,60531423,"[[2325.8983, 0.0], [2325.8987, 0.31284339]]",[]
1500508124065,60531424,"[[2325.8988, 0.20384774], [2325.8986, 0.0]]",[]
1500508124238,60531425,"[[2325.8987, 0.0], [2325.8989, 0.31284339]]",[]
1500508124490,60531426,[],"[[2349.1148, 0.0]]"
1500508124491,60531427,"[[2325.899, 0.20384774], [2325.8988, 0.0]]",[]
1500508124618,60531428,[],"[[2349.1106, 0.42699]]"
1500508124656,60531429,"[[2325.8991, 0.31284339], [2325.8989, 0.0]]",[]
1500508125202,60531430,"[[2325.8982, 0.0], [2325.8992, 0.05186218]]",[]
1500508125214,60531431,"[[2325.899, 0.0], [2325.8992, 0.25570992]]",[]
1500508125263,60531432,[],"[[2349.1106, 0.0]]"
1500508125333,60531433,[],"[[2349.1089, 0.42071]]"
1500508125382,60531434,"[[2325.8991, 0.0], [2325.8993, 0.31284339]]",[]
1500508125745,60531435,"[[2325.9093, 0.07]]",[]
1500508125798,60531436,"[[2325.8992, 0.05186218], [2325.8994, 0.20384774]]",[]
1500508125896,60531437,[],"[[2349.1128, 0.57929]]"
1500508125919,60531438,"[[2325.9094, 0.31284339], [2325.8993, 0.0]]",[]
1500508126342,60531439,"[[2325.9096, 0.07049285], [2325.8265, 0.0]]",[]
1500508126342,60531440,"[[2325.8994, 0.0], [2325.9095, 0.20384774]]",[]
1500508126515,60531441,"[[2325.9097, 0.31284339], [2325.9094, 0.0]]",[]
1500508127301,60531442,"[[2325.8992, 0.0], [2325.9098, 0.05186218]]",[]
1500508127311,60531443,"[[2325.9098, 0.25570992], [2325.9095, 0.0]]",[]
1500508127477,60531444,"[[2325.9099, 0.31284339], [2325.9097, 0.0]]",[]
1500508127512,60531445,[],"[[2349.1089, 0.0]]"
1500508127575,60531446,[],"[[2349.1128, 0.0]]"
1500508127582,60531447,"[[2325.91, 0.20384774], [2325.9098, 0.05186218]]",[]
1500508127767,60531448,"[[2325.9099, 0.0], [2325.9101, 0.31284339]]",[]
1500508128435,60531449,"[[2325.8292, 0.0], [2325.9103, 0.20946638]]",[]
1500508128447,60531450,"[[2325.91, 0.0], [2325.9104, 0.20384774]]",[]
1500508128609,60531451,"[[2325.9101, 0.0], [2325.9104, 0.51669113]]",[]
1500508128785,60531452,"[[2325.9105, 0.31284339], [2325.9104, 0.20384774]]",[]
1500508128793,60531453,"[[2325.9106, 0.20384774], [2325.9104, 0.0]]",[]
1500508128968,60531454,"[[2325.9105, 0.0], [2325.9104, 0.31284339]]",[]
1500508129020,60531455,"[[2325.9093, 0.0]]",[]
1500508129147,60531456,"[[2325.9107, 0.31284339], [2325.9104, 0.0]]",[]
1500508129156,60531457,"[[2325.9106, 0.0], [2325.9108, 0.20384774]]",[]
1500508129157,60531458,"[[2325.9107, 0.36470557], [2325.9098, 0.0]]",[]
1500508129436,60531459,"[[2325.9104, 0.31284339], [2325.9107, 0.05186218]]",[]
1500508129613,60531460,"[[2325.9109, 0.31284339], [2325.9104, 0.0]]",[]
1500508129629,60531461,"[[2325.911, 0.20384774], [2325.9108, 0.0]]",[]
1500508129804,60531462,"[[2325.9109, 0.0], [2325.9111, 0.31284339]]",[]
1500508131136,60531463,"[[2325.9112, 0.05186218], [2325.9107, 0.0]]",[]
1500508131144,60531464,"[[2325.9112, 0.25570992], [2325.911, 0.0]]",[]
1500508131311,60531465,"[[2325.9111, 0.0], [2325.9113, 0.31284339]]",[]
1500508131335,60531466,[],"[[2335.998, 0.0]]"
1500508131344,60531467,"[[2325.9114, 0.20384774], [2325.9112, 0.05186218]]",[]
1500508131359,60531468,"[[2323.7719, 0.0]]",[]
1500508131525,60531469,"[[2325.9113, 0.0], [2325.9115, 0.31284339]]",[]
1500508131677,60531470,[],"[[2349.1102, 1.0]]"
1500508131686,60531471,"[[2325.9116, 0.20384774], [2325.9114, 0.0]]",[]
1500508131888,60531472,"[[2325.9115, 0.0], [2325.9117, 0.31284339]]",[]
1500508131898,60531473,"[[2325.9118, 0.20384774], [2325.9116, 0.0]]",[]
1500508132075,60531474,"[[2325.9119, 0.31284339], [2325.9117, 0.0]]",[]
1500508132120,60531475,"[[2325.8867, 0.0]]",[]
1500508132128,60531476,"[[2325.9118, 0.0], [2325.912, 0.20384774]]",[]
1500508132302,60531477,"[[2325.9119, 0.0], [2325.9113, 0.31284339]]",[]
1500508132480,60531478,"[[2325.9113, 0.0], [2325.9121, 0.31284339]]",[]
1500508132489,60531479,"[[2325.912, 0.0], [2325.9122, 0.20384774]]",[]
1500508132559,60531480,"[[2323.762, 0.0], [2321.1406, 7.78368656]]",[]
1500508132662,60531481,"[[2325.9113, 0.31284339], [2325.9121, 0.0]]",[]
1500508132837,60531482,"[[2325.9113, 0.0], [2325.9123, 0.31284339]]",[]
1500508132846,60531483,"[[2325.9122, 0.0], [2325.9124, 0.20384774]]",[]
1500508133019,60531484,"[[2325.9123, 0.0], [2325.9113, 0.31284339]]",[]
1500508133107,60531485,"[[2325.9112, 2.93501232]]",[]
1500508133120,60531486,"[[2325.9125, 0.05186218], [2325.9112, 2.88315014]]",[]
1500508133193,60531487,"[[2325.9113, 0.0], [2325.9125, 0.36470557]]",[]
1500508133201,60531488,"[[2325.9124, 0.0], [2325.9126, 0.20384774]]",[]
1500508133370,60531489,"[[2325.9126, 0.51669113], [2325.9125, 0.05186218]]",[]
1500508133378,60531490,"[[2325.9127, 0.20384774], [2325.9126, 0.31284339]]",[]
1500508133545,60531491,"[[2325.9127, 0.51669113], [2325.9126, 0.0]]",[]
1500508133553,60531492,"[[2325.9127, 0.31284339], [2325.9128, 0.20384774]]",[]
1500508133719,60531493,"[[2325.9127, 0.0]]",[]
1500508133723,60531494,"[[2325.9128, 0.51669113]]",[]
1500508133731,60531495,"[[2325.9128, 0.31284339], [2325.9129, 0.20384774]]",[]
1500508133802,60531496,[],"[[2356.524, 0.0], [2353.8656, 6.50703756]]"
1500508133803,60531497,"[[2325.9128, 0.90621903]]",[]
1500508133897,60531498,"[[2325.9128, 0.59337564], [2325.9129, 0.51728576]]",[]
1500508133905,60531499,"[[2325.913, 0.20384774], [2325.9129, 0.31343802]]",[]
1500508134108,60531500,"[[2325.8868, 0.0]]",[]
1500508134282,60531501,"[[2325.9113, 0.51749453]]",[]
1500508134804,60531502,[],"[[2335.989, 0.39]]"
1500508134944,60531503,"[[2325.917, 0.62376]]",[]
1500508134975,60531504,"[[2325.913, 0.0], [2325.9171, 0.20384774]]",[]
1500508135050,60531505,"[[2325.917, 0.0]]",[]
1500508135108,60531506,"[[2325.9272, 0.55805]]",[]
1500508135108,60531507,"[[2325.9172, 0.05186218], [2325.9125, 0.0]]",[]
1500508135157,60531508,"[[2325.9273, 0.20384774], [2325.9171, 0.0]]",[]
1500508135226,60531509,"[[2325.9272, 0.0]]",[]
1500508135330,60531510,"[[2325.931, 0.55733]]",[]
1500508135337,60531511,"[[2325.9273, 0.0], [2325.9311, 0.20384774]]",[]
1500508135406,60531512,"[[2325.931, 0.0]]",[]
1500508135541,60531513,"[[2325.94, 0.55709]]",[]
1500508135549,60531514,"[[2325.9401, 0.20384774], [2325.9311, 0.0]]",[]
1500508135675,60531515,"[[2325.94, 0.0]]",[]
1500508135747,60531516,"[[2325.9426, 0.55653]]",[]
1500508135754,60531517,"[[2325.9427, 0.20384774], [2325.9401, 0.0]]",[]
1500508135821,60531518,[],"[[2349.1101, 1.59523014], [2349.4499, 0.0]]"
1500508135821,60531519,"[[2325.9426, 0.0]]",[]
1500508136013,60531520,"[[2325.9449, 0.55824]]",[]
1500508136083,60531521,"[[2325.9427, 0.0], [2325.945, 0.20384774]]",[]
1500508136369,60531522,"[[2320.9661, 3.21801461], [2322.9262, 0.0]]",[]
1500508136447,60531523,"[[2325.9449, 0.0]]",[]
1500508136513,60531524,"[[2325.9555, 0.55526]]",[]
1500508136523,60531525,"[[2325.945, 0.0], [2325.9556, 0.20384774]]",[]
1500508136539,60531526,"[[2321.1406, 0.0], [2324.6789, 7.77183932]]",[]
1500508136593,60531527,"[[2325.9555, 0.0]]",[]
1500508136662,60531528,"[[2325.9661, 0.5546]]",[]
1500508136670,60531529,"[[2325.9662, 0.20384774], [2325.9556, 0.0]]",[]
1500508136733,60531530,"[[2325.9661, 0.0]]",[]
1500508136820,60531531,"[[2325.9745, 0.55393]]",[]
1500508136827,60531532,"[[2325.9662, 0.0], [2325.9746, 0.20384774]]",[]
1500508136905,60531533,"[[2325.9745, 0.0]]",[]
1500508137016,60531534,"[[2325.9843, 0.01574]]",[]
1500508137127,60531535,"[[2325.9843, 0.0]]",[]
1500508137296,60531536,"[[2325.9747, 0.05186218], [2325.9172, 0.0]]",[]
1500508137533,60531537,[],"[[2355.6765, 0.0], [2353.6886, 11.98760951]]"
1500508137627,60531538,[],"[[2353.8656, 0.0], [2357.4538, 6.50703756]]"
1500508137776,60531539,[],"[[2335.989, 0.0]]"
1500508138434,60531540,"[[2325.9749, 0.1406765]]",[]
1500508138444,60531541,"[[2325.9746, 0.0], [2325.975, 0.20384774]]",[]
1500508139154,60531542,"[[2325.9747, 0.0], [2325.9751, 0.05186218]]",[]
1500508140373,60531543,"[[2325.9129, 0.0]]",[]
