1500511398010,60547142,"[[2332.8981, 0.0], [2339.2334, 21.77461031]]",[]
1500511398768,60547143,[],"[[2364.3143, 0.0], [2364.2975, 2.29367706]]"
1500511399180,60547144,[],"[[2372.2135, 12.71135334], [2365.7889, 0.0]]"
1500511399851,60547145,"[[2277.4, 0.0]]",[]
1500511400557,60547146,[],"[[2648.87, 0.0]]"
1500511401159,60547147,[],"[[2364.3075, 0.0]]"
1500511401344,60547148,[],"[[2362.4299, 0.0], [2362.2099, 0.54036825]]"
1500511401345,60547149,[],"[[2364.2974, 0.51657723]]"
1500511401409,60547150,[],"[[2364.2976, 0.0]]"
1500511401517,60547151,[],"[[2354.3996, 0.2], [2354.3997, 0.07034268]]"
1500511401545,60547152,[],"[[2364.2855, 1.0]]"
1500511401687,60547153,[],"[[2354.3996, 0.0], [2354.3997, 0.27034268]]"
1500511401804,60547154,[],"[[2362.21, 0.0], [2362.1, 0.05]]"
1500511406121,60547155,[],"[[2650.78, 0.28]]"
1500511408623,60547156,"[[2338.57, 0.36038897], [2341.1218, 0.0]]",[]
1500511408665,60547157,"[[2277.4, 0.12]]",[]
1500511409221,60547158,"[[2337.4232, 21.7914735], [2339.2334, 0.0]]",[]
1500511409330,60547159,"[[2329.0277, 0.89163798], [2335.7884, 0.0]]",[]
1500511409663,60547160,[],"[[2374.1286, 0.0], [2371.5408, 6.88209184]]"
1500511410378,60547161,[],"[[2370.3778, 12.71135334], [2372.2135, 0.0]]"
1500511410491,60547162,[],"[[2361.864, 11.98760951], [2368.7199, 0.0]]"
1500511410647,60547163,[],"[[2354.3996, 0.2], [2354.3997, 0.07034268]]"
1500511410713,60547164,[],"[[2361.76, 0.05], [2362.1, 0.0]]"
1500511410810,60547165,[],"[[2354.3996, 0.0], [2354.3997, 0.27034268]]"
1500511410938,60547166,[],"[[2364.2974, 0.0]]"
1500511411111,60547167,[],"[[2361.8639, 0.51657723]]"
1500511413446,60547168,"[[2329.0277, 0.0], [2334.7537, 0.88945124]]",[]
1500511413573,60547169,[],"[[2364.2855, 0.0]]"
1500511413641,60547170,[],"[[2361.7571, 1.0]]"
1500511413808,60547171,[],"[[2354.3996, 0.2], [2354.3997, 0.07034268]]"
1500511413936,60547172,[],"[[2361.65, 0.05], [2361.76, 0.0]]"
1500511413977,60547173,[],"[[2354.3996, 0.0], [2354.3997, 0.27034268]]"
1500511414338,60547174,[],"[[2361.864, 0.0], [2367.6707, 11.98760951]]"
1500511415608,60547175,"[[2341.122, 0.78854771], [2340.3654, 0.07016426]]",[]
1500511415878,60547176,[],"[[2361.8639, 0.0]]"
1500511416096,60547177,[],"[[2364.2974, 0.51657723]]"
1500511417970,60547178,"[[2341.122, 0.58012201], [2340.3654, 0.27865734]]",[]
1500511421096,60547179,"[[2350, 0.0]]",[]
1500511421270,60547180,"[[2341.122, 0.23385394], [2340.3654, 0.62503735]]",[]
1500511422843,60547181,[],"[[2354.3997, 0.25234268]]"
1500511423010,60547182,[],"[[2354.3996, 0.2], [2354.3997, 0.05234268]]"
1500511423184,60547183,[],"[[2354.3996, 0.0], [2354.3997, 0.25234268]]"
1500511423683,60547184,[],"[[2362.3199, 0.0], [2361.6499, 0.5874135]]"
1500511423779,60547185,[],"[[2361.7571, 0.0]]"
1500511423989,60547186,[],"[[2364.2886, 1.0]]"
1500511423998,60547187,[],"[[2361.54, 0.05], [2361.65, 0.0]]"
1500511425896,60547188,[],"[[2364.3076, 0.0], [2364.2885, 1.58727557]]"
1500511428249,60547189,"[[2277.4, 0.0]]",[]
1500511428837,60547190,"[[2341.122, 0.09405836], [2340.3654, 0.76487812]]",[]
1500511429088,60547191,"[[2271.1, 0.12]]",[]
1500511430369,60547192,"[[2336.6049, 0.88874656], [2334.7537, 0.0]]",[]
1500511431363,60547193,[],"[[2365.7888, 0.0], [2367.6706, 2.65270333]]"
1500511431632,60547194,[],"[[2367.6707, 0.0], [2369.548, 11.98760951]]"
1500511431633,60547195,[],"[[2364.2974, 0.0]]"
1500511432174,60547196,[],"[[2364.2884, 0.51657723]]"
1500511434263,60547197,[],"[[2364.2883, 2.29367706], [2364.2975, 0.0]]"
1500511434363,60547198,[],"[[2364.2886, 0.0]]"
1500511434429,60547199,[],"[[2364.2765, 1.0]]"
1500511436876,60547200,[],"[[2362.2099, 0.0], [2361.5399, 0.54036825]]"
1500511436955,60547201,[],"[[2364.2884, 0.0]]"
1500511437045,60547202,[],"[[2354.3996, 0.2], [2354.3997, 0.05234268]]"
1500511437133,60547203,[],"[[2364.2882, 0.51657723]]"
1500511437216,60547204,[],"[[2354.3996, 0.0], [2354.3997, 0.25234268]]"
1500511437270,60547205,[],"[[2361.54, 0.0], [2361.43, 0.05]]"
1500511437386,60547206,[],"[[2354.3996, 0.2], [2354.3997, 0.05234268]]"
1500511437557,60547207,[],"[[2354.3996, 0.0], [2354.3997, 0.25234268]]"
1500511439012,60547208,[],"[[2369.5479, 3.61336077], [2368.7198, 0.0]]"
1500511441205,60547209,"[[2341.122, 0.0], [2340.3654, 0.85896689]]",[]
1500511442282,60547210,"[[2271.1, 0.0]]",[]
1500511443227,60547211,"[[2271.51, 0.12]]",[]
1500511449527,60547212,"[[2342.255, 0.48853981], [2338.57, 0.0]]",[]
1500511450648,60547213,[],"[[2371.5408, 0.0], [2375.2777, 6.88209184]]"
1500511451336,60547214,"[[2342.2552, 0.07010765], [2340.3654, 0.78880263]]",[]
1500511453591,60547215,"[[2342.2552, 0.27843252], [2340.3654, 0.58030955]]",[]
1500511456427,60547216,"[[2342.2552, 0.62453306], [2340.3654, 0.23392954]]",[]
1500511458964,60547217,[],"[[2361.6499, 0.0], [2361.4299, 0.5874135]]"
1500511459134,60547218,[],"[[2354.3996, 0.2], [2354.3997, 0.05234268]]"
1500511459185,60547219,[],"[[2361.43, 0.0], [2361.32, 0.05]]"
1500511459338,60547220,"[[2336.6049, 0.0], [2341.5495, 0.88686981]]",[]
1500511459507,60547221,[],"[[2354.3996, 0.0], [2354.3997, 0.25234268]]"
1500511461097,60547222,[],"[[2369.548, 0.0], [2374.5623, 11.98760951]]"
1500511461948,60547223,[],"[[2364.2885, 0.0], [2364.2764, 1.58727557]]"
1500511462058,60547224,[],"[[2364.2765, 0.0]]"
1500511462127,60547225,[],"[[2364.2707, 1.0]]"
1500511462981,60547226,[],"[[2364.2882, 0.0]]"
1500511463202,60547227,[],"[[2364.2763, 0.51657723]]"
1500511463581,60547228,"[[2342.255, 0.0], [2340.1918, 0.48897053]]",[]
1500511463972,60547229,"[[2341.5497, 0.13977004], [2340.3654, 0.09408877]]",[]
1500511464530,60547230,[],"[[2375.2777, 0.0], [2373.1854, 6.88209184]]"
1500511466451,60547231,[],"[[2367.6706, 0.0], [2369.9999, 2.65270333]]"
1500511468994,60547232,[],"[[2364.2883, 0.0], [2364.2706, 2.29367706]]"
1500511470994,60547233,[],"[[2364.2763, 0.0]]"
1500511471162,60547234,[],"[[2361.5399, 0.0], [2361.3199, 0.54036825]]"
1500511471202,60547235,[],"[[2364.2705, 0.51657723]]"
1500511471326,60547236,[],"[[2354.3996, 0.2], [2354.3997, 0.05234268]]"
1500511471495,60547237,[],"[[2354.3996, 0.0], [2354.3997, 0.25234268]]"
1500511471588,60547238,[],"[[2361.32, 0.0], [2361.21, 0.05]]"
1500511473500,60547239,[],"[[2369.5479, 0.0], [2369.9999, 6.2660641]]"
1500511473527,60547240,"[[2340.1918, 0.0], [2342.8532, 0.48841507]]",[]
1500511473584,60547241,[],"[[2364.2707, 0.0]]"
1500511473661,60547242,[],"[[2364.2606, 1.0]]"
1500511474559,60547243,[],"[[2375.8844, 6.88209184], [2373.1854, 0.0]]"
1500511476622,60547244,"[[2271.51, 0.0]]",[]
1500511476760,60547245,"[[2342.8534, 0.09398885], [2340.3654, 0.0]]",[]
1500511477148,60547246,"[[2271.9, 0.12]]",[]
1500511486630,60547247,"[[2342.8534, 0.1640786], [2342.2552, 0.55442541]]",[]
1500511489035,60547248,"[[2342.8534, 0.37235027], [2342.2552, 0.34610054]]",[]
1500511489194,60547249,"[[2271.9, 0.0]]",[]
1500511489843,60547250,"[[2344.607, 0.48804973], [2342.8532, 0.0]]",[]
1500511490671,60547251,[],"[[2375.8844, 0.0], [2377.6629, 6.88209184]]"
1500511491467,60547252,"[[2344.6072, 0.34575335], [2342.2552, 0.0]]",[]
1500511493612,60547253,[],"[[2361.2099, 0.5874135], [2361.4299, 0.0]]"
1500511493779,60547254,[],"[[2354.3996, 0.2], [2354.3997, 0.05234268]]"
1500511493949,60547255,[],"[[2354.3996, 0.0], [2354.3997, 0.25234268]]"
1500511494005,60547256,[],"[[2361.1, 0.05], [2361.21, 0.0]]"
1500511494264,60547257,"[[2272.44, 0.12]]",[]
1500511495851,60547258,[],"[[2364.2764, 0.0], [2364.2605, 1.58727557]]"
1500511495902,60547259,[],"[[2364.2606, 0.0]]"
1500511495968,60547260,[],"[[2364.2581, 1.0]]"
1500511497254,60547261,[],"[[2364.2705, 0.0]]"
1500511497725,60547262,[],"[[2364.2604, 0.51657723]]"
1500511497854,60547263,"[[2272.44, 0.0]]",[]
1500511498244,60547264,"[[2341.5497, 0.0], [2344.6072, 0.48534112]]",[]
1500511504090,60547265,"[[2269.92, 0.12]]",[]
1500511504583,60547266,[],"[[2364.2706, 0.0], [2364.258, 2.29367706]]"
1500511505870,60547267,[],"[[2364.2604, 0.0]]"
1500511506036,60547268,[],"[[2364.2579, 0.51657723]]"
1500511506119,60547269,[],"[[2364.2581, 0.0]]"
1500511506222,60547270,[],"[[2364.2521, 1.0]]"
1500511506464,60547271,"[[2269.92, 0.0]]",[]
1500511506713,60547272,[],"[[2361.0999, 0.54036825], [2361.3199, 0.0]]"
1500511506922,60547273,[],"[[2354.3996, 0.2], [2354.3997, 0.05234268]]"
1500511506937,60547274,[],"[[2361.1, 0.0], [2360.99, 0.05]]"
1500511507098,60547275,[],"[[2354.3996, 0.0], [2354.3997, 0.25234268]]"
1500511507267,60547276,[],"[[2354.3996, 0.2], [2354.3997, 0.05234268]]"
1500511507409,60547277,"[[2270.02, 0.12]]",[]
1500511507437,60547278,[],"[[2354.3996, 0.0], [2354.3997, 0.25234268]]"
1500511510208,60547279,"[[2270.02, 0.0]]",[]
1500511511084,60547280,"[[2344.6072, 0.57925967], [2342.8534, 0.27836142]]",[]
1500511518451,60547281,"[[2270.3, 0.12]]",[]
1500511520345,60547282,"[[2344.6072, 0.64929699], [2342.8534, 0.20827167]]",[]
1500511521476,60547283,"[[2270.3, 0.0]]",[]
1500511522346,60547284,"[[2344.6072, 0.85741287], [2342.8534, 0.0]]",[]
1500511525090,60547285,"[[2337.4232, 0.0], [2339.5875, 21.77131469]]",[]
1500511526149,60547286,[],"[[2372.5726, 12.71135334], [2370.3778, 0.0]]"
1500511526742,60547287,[],"[[2360.9899, 0.5874135], [2361.2099, 0.0]]"
1500511526909,60547288,[],"[[2354.3996, 0.2], [2354.3997, 0.05234268]]"
1500511527134,60547289,[],"[[2360.99, 0.0], [2360.88, 0.05]]"
1500511527547,60547290,"[[2270.95, 0.12]]",[]
1500511527739,60547291,[],"[[2354.3996, 0.0], [2354.3997, 0.25234268]]"
1500511528590,60547292,[],"[[2354.3996, 0.2], [2354.3997, 0.05234268]]"
1500511528764,60547293,[],"[[2354.3996, 0.0], [2354.3997, 0.25234268]]"
1500511528962,60547294,[],"[[2364.252, 1.58727557], [2364.2605, 0.0]]"
1500511529074,60547295,[],"[[2364.2521, 0.0]]"
1500511529139,60547296,[],"[[2364.243, 1.0]]"
1500511531081,60547297,"[[2270.95, 0.0]]",[]
1500511531100,60547298,[],"[[2364.2579, 0.0]]"
1500511531409,60547299,[],"[[2364.2519, 0.51657723]]"
1500511531895,60547300,"[[2270.48, 0.12]]",[]
1500511535985,60547301,[],"[[2364.2429, 2.29367706], [2364.258, 0.0]]"
1500511538213,60547302,[],"[[2364.2519, 0.0]]"
1500511538213,60547303,"[[2270.48, 0.0]]",[]
1500511538383,60547304,[],"[[2364.2428, 0.51657723]]"
1500511538760,60547305,[],"[[2361.0999, 0.0], [2360.8799, 0.54036825]]"
1500511538928,60547306,[],"[[2354.3996, 0.2], [2354.3997, 0.05234268]]"
1500511539052,60547307,[],"[[2360.88, 0.0], [2360.77, 0.05]]"
1500511539098,60547308,[],"[[2354.3996, 0.0], [2354.3997, 0.25234268]]"
1500511539202,60547309,[],"[[2364.243, 0.0]]"
1500511539313,60547310,[],"[[2364.2404, 1.0]]"
1500511541069,60547311,"[[2339.5875, 0.0], [2337.2278, 21.79329534]]",[]
1500511541730,60547312,[],"[[2354.3997, 0.11600934]]"
1500511542040,60547313,[],"[[2372.5726, 0.0], [2370.1797, 12.71135334]]"
1500511548590,60547314,"[[2271.24, 0.12]]",[]
1500511555581,60547315,"[[2271.24, 0.0]]",[]
1500511556135,60547316,"[[2271.12, 0.12]]",[]
1500511556964,60547317,"[[2338.8834, 21.77786875], [2337.2278, 0.0]]",[]
1500511557348,60547318,"[[2351.2903, 0.04]]",[]
1500511557355,60547319,"[[2351.2901, 0.0], [2351.2903, 0.24051434]]",[]
1500511557865,60547320,[],"[[2354.3998, 0.0]]"
1500511557866,60547321,[],"[[2360.9899, 0.0], [2360.7699, 0.5874135]]"
1500511558001,60547322,[],"[[2370.1797, 0.0], [2371.8585, 12.71135334]]"
1500511558033,60547323,[],"[[2360.7699, 0.7874135], [2354.3997, 0.0]]"
1500511558201,60547324,[],"[[2360.7698, 0.2], [2360.7699, 0.5874135]]"
1500511558233,60547325,"[[2351.2904, 0.05111211], [2351.2902, 0.0]]",[]
1500511558233,60547326,"[[2351.2904, 0.25162645], [2351.2903, 0.04]]",[]
1500511558453,60547327,[],"[[2360.77, 0.0], [2360.66, 0.05]]"
1500511558622,60547328,[],"[[2360.7698, 0.0], [2360.6599, 0.2]]"
1500511558633,60547329,"[[2351.3004, 0.01]]",[]
1500511559158,60547330,[],"[[2360.66, 0.0], [2360.55, 0.05]]"
1500511559340,60547331,[],"[[2360.7698, 0.2], [2360.6599, 0.0]]"
1500511559486,60547332,[],"[[2360.7698, 0.0], [2360.5499, 0.2]]"
1500511560207,60547333,"[[2351.3005, 0.05111211], [2351.2904, 0.20051434]]",[]
1500511560491,60547334,"[[2271.12, 0.0]]",[]
1500511560492,60547335,[],"[[2360.55, 0.0], [2360.44, 0.05]]"
1500511560555,60547336,[],"[[2364.252, 0.0], [2364.2403, 1.58727557]]"
1500511560660,60547337,[],"[[2360.7698, 0.2], [2360.5499, 0.0]]"
1500511560813,60547338,[],"[[2364.2404, 0.0]]"
1500511561209,60547339,[],"[[2364.2292, 1.0]]"
1500511561585,60547340,[],"[[2360.44, 0.0], [2360.66, 0.05]]"
1500511561640,60547341,[],"[[2360.7698, 0.0], [2360.4399, 0.2]]"
1500511561693,60547342,"[[2271.24, 0.12]]",[]
1500511561803,60547343,[],"[[2360.4399, 0.0], [2360.6599, 0.2]]"
1500511562193,60547344,"[[2351.3004, 0.0]]",[]
1500511562193,60547345,[],"[[2360.66, 0.0], [2360.55, 0.05]]"
1500511562360,60547346,[],"[[2360.7698, 0.2], [2360.6599, 0.0]]"
1500511562532,60547347,[],"[[2360.7698, 0.0], [2360.5499, 0.2]]"
1500511562782,60547348,[],"[[2364.2428, 0.0]]"
1500511563211,60547349,[],"[[2360.55, 0.0], [2360.44, 0.05]]"
1500511563251,60547350,"[[2351.3007, 0.13919041], [2344.6072, 0.7178251]]",[]
1500511563251,60547351,[],"[[2364.2402, 0.51657723]]"
1500511563251,60547352,"[[2351.2905, 0.05111211], [2351.3005, 0.0]]",[]
1500511563274,60547353,"[[2351.3008, 0.20051434], [2351.2904, 0.0]]",[]
1500511563378,60547354,[],"[[2360.7698, 0.2], [2360.5499, 0.0]]"
1500511563550,60547355,[],"[[2360.7698, 0.0], [2360.4399, 0.2]]"
1500511563849,60547356,[],"[[2360.44, 0.0], [2360.33, 0.05]]"
1500511564024,60547357,[],"[[2360.4399, 0.0], [2360.7698, 0.2]]"
1500511564096,60547358,"[[2271.24, 0.0]]",[]
1500511564441,60547359,[],"[[2360.33, 0.0], [2360.66, 0.05]]"
1500511564614,60547360,[],"[[2360.7698, 0.0], [2360.6599, 0.2]]"
1500511564710,60547361,"[[2351.3108, 0.01]]",[]
1500511565195,60547362,"[[2351.2905, 0.0], [2351.3109, 0.05111211]]",[]
1500511565364,60547363,[],"[[2360.66, 0.0], [2360.55, 0.05]]"
1500511565536,60547364,[],"[[2360.7698, 0.2], [2360.6599, 0.0]]"
1500511565985,60547365,[],"[[2360.55, 0.0], [2360.66, 0.05]]"
1500511566156,60547366,[],"[[2360.7698, 0.0], [2360.6599, 0.2]]"
1500511566626,60547367,[],"[[2360.66, 0.0], [2360.55, 0.05]]"
1500511566796,60547368,[],"[[2360.7698, 0.2], [2360.6599, 0.0]]"
1500511566970,60547369,[],"[[2360.7698, 0.0], [2360.5499, 0.2]]"
1500511567081,60547370,[],"[[2364.9999, 2.29367706], [2364.2429, 0.0]]"
1500511567318,60547371,[],"[[2360.55, 0.0], [2360.44, 0.05]]"
1500511567508,60547372,[],"[[2360.7698, 0.2], [2360.5499, 0.0]]"
1500511567742,60547373,[],"[[2360.7698, 0.0], [2360.4399, 0.2]]"
1500511568278,60547374,"[[2351.3108, 0.0]]",[]
1500511568278,60547375,[],"[[2360.44, 0.0], [2360.66, 0.05]]"
1500511568332,60547376,"[[2343.4786, 0.88613976], [2341.5495, 0.0]]",[]
1500511568434,60547377,[],"[[2360.4399, 0.0], [2360.7698, 0.2]]"
1500511568601,60547378,[],"[[2360.7698, 0.0], [2360.6599, 0.2]]"
1500511568840,60547379,"[[2351.2903, 0.0]]",[]
1500511568853,60547380,[],"[[2360.66, 0.0], [2360.55, 0.05]]"
1500511569020,60547381,[],"[[2360.7698, 0.2], [2360.6599, 0.0]]"
1500511569162,60547382,"[[2351.3109, 0.0], [2351.3009, 0.05111211]]",[]
1500511569190,60547383,[],"[[2360.7698, 0.0], [2360.5499, 0.2]]"
1500511569433,60547384,[],"[[2374.5623, 0.0], [2376.5186, 11.98760951]]"
1500511569441,60547385,[],"[[2360.5498, 0.54036825], [2360.8799, 0.0]]"
1500511569442,60547386,[],"[[2360.55, 0.0], [2360.44, 0.05]]"
1500511569614,60547387,[],"[[2360.5497, 0.2], [2360.5499, 0.0]]"
1500511569851,60547388,[],"[[2360.4399, 0.2], [2360.5497, 0.0]]"
1500511570011,60547389,"[[2351.311, 0.04]]",[]
1500511570012,60547390,"[[2341.3354, 21.75506154], [2338.8834, 0.0]]",[]
1500511570042,60547391,"[[2351.3008, 0.0], [2351.301, 0.20345528]]",[]
1500511570759,60547392,"[[2351.321, 0.01]]",[]
1500511571035,60547393,[],"[[2374.3451, 12.71135334], [2371.8585, 0.0]]"
1500511571096,60547394,[],"[[2360.4398, 0.04]]"
1500511571133,60547395,[],"[[2364.2292, 0.0]]"
1500511571151,60547396,"[[2351.3009, 0.0], [2351.3211, 0.05111211]]",[]
1500511571157,60547397,"[[2351.3111, 0.20345528], [2351.301, 0.0]]",[]
1500511571221,60547398,[],"[[2364.9943, 1.0]]"
1500511571265,60547399,[],"[[2360.4399, 0.0], [2360.4397, 0.2]]"
1500511573386,60547400,"[[2272.52, 0.12]]",[]
1500511573942,60547401,"[[2351.321, 0.0]]",[]
1500511574053,60547402,"[[2351.3213, 0.09365037], [2344.6072, 0.62390655]]",[]
1500511574061,60547403,"[[2351.3111, 0.0], [2351.3214, 0.20345528]]",[]
1500511574173,60547404,"[[2351.3215, 0.05111211], [2351.3211, 0.0]]",[]
1500511576660,60547405,"[[2351.3315, 0.01]]",[]
1500511577131,60547406,"[[2351.29, 0.0]]",[]
1500511577131,60547407,[],"[[2360.44, 0.0]]"
1500511577178,60547408,"[[2351.3215, 0.0], [2351.3316, 0.05111211]]",[]
1500511578247,60547409,[],"[[2360.33, 0.05]]"
1500511578251,60547410,"[[2351.43, 0.251]]",[]
1500511578292,60547411,"[[2351.3214, 0.0], [2351.4301, 0.20345528]]",[]
1500511578431,60547412,[],"[[2360.3299, 0.2], [2360.4397, 0.0]]"
1500511578974,60547413,[],"[[2360.33, 0.0], [2360.22, 0.05]]"
1500511579091,60547414,[],"[[2650.78, 0.0]]"
1500511579162,60547415,"[[2351.3316, 0.0], [2351.4302, 0.05111211]]",[]
1500511579189,60547416,[],"[[2360.4397, 0.2], [2360.3299, 0.0]]"
1500511579358,60547417,[],"[[2360.2199, 0.2], [2360.4397, 0.0]]"
1500511579650,60547418,[],"[[2709.01, 0.28]]"
1500511579652,60547419,[],"[[2360.22, 0.0], [2360.11, 0.05]]"
1500511579843,60547420,[],"[[2360.2199, 0.0], [2360.4397, 0.2]]"
1500511580024,60547421,"[[2351.3315, 0.0]]",[]
1500511580357,60547422,[],"[[2360.11, 0.0], [2360.33, 0.05]]"
1500511580527,60547423,[],"[[2360.3299, 0.2], [2360.4397, 0.0]]"
1500511581076,60547424,[],"[[2360.33, 0.0], [2360.22, 0.05]]"
1500511581291,60547425,[],"[[2360.4397, 0.2], [2360.3299, 0.0]]"
1500511581452,60547426,[],"[[2360.2199, 0.2], [2360.4397, 0.0]]"
1500511581657,60547427,[],"[[2360.22, 0.0], [2360.11, 0.05]]"
1500511581825,60547428,[],"[[2360.2199, 0.0], [2360.4397, 0.2]]"
1500511581996,60547429,[],"[[2360.1099, 0.2], [2360.4397, 0.0]]"
1500511582629,60547430,"[[2351.311, 0.0]]",[]
1500511582745,60547431,[],"[[2360, 0.05], [2360.11, 0.0]]"
1500511582917,60547432,[],"[[2359.9999, 0.2], [2360.1099, 0.0]]"
1500511583106,60547433,"[[2351.4402, 0.01]]",[]
1500511583225,60547434,"[[2351.4302, 0.0], [2351.4403, 0.05111211]]",[]
1500511583713,60547435,[],"[[2360, 0.0], [2359.89, 0.05]]"
1500511583803,60547436,"[[2272.52, 0.0]]",[]
1500511583885,60547437,[],"[[2359.9999, 0.0], [2360.4397, 0.2]]"
1500511583934,60547438,[],"[[2709.01, 0.0]]"
1500511584052,60547439,"[[2351.4303, 0.04]]",[]
1500511584056,60547440,[],"[[2359.8899, 0.2], [2360.4397, 0.0]]"
1500511584083,60547441,"[[2351.4301, 0.0], [2351.4304, 0.20345528]]",[]
1500511584394,60547442,[],"[[2359.78, 0.05], [2359.89, 0.0]]"
1500511584394,60547443,"[[2351.4405, 0.06983379], [2344.6072, 0.55386923]]",[]
1500511584395,60547444,[],"[[2651.08, 0.28]]"
1500511584450,60547445,"[[2351.4304, 0.0], [2351.4404, 0.20345528]]",[]
1500511584536,60547446,[],"[[2360.4398, 0.0]]"
1500511584562,60547447,[],"[[2359.8899, 0.0], [2359.7799, 0.2]]"
1500511585225,60547448,"[[2351.4406, 0.05111211], [2351.4403, 0.0]]",[]
1500511585231,60547449,"[[2351.4406, 0.25456739], [2351.4404, 0.0]]",[]
1500511585597,60547450,[],"[[2360.2199, 0.04]]"
1500511585754,60547451,"[[2351.4402, 0.0]]",[]
1500511586484,60547452,"[[2351.4408, 0.20751107], [2344.6072, 0.34575335]]",[]
1500511586484,60547453,"[[2351.4406, 0.05111211], [2351.4409, 0.20345528]]",[]
1500511587222,60547454,"[[2351.4406, 0.0], [2351.441, 0.05111211]]",[]
1500511587909,60547455,"[[2271.53, 0.12]]",[]
1500511588644,60547456,"[[2351.4412, 0.34474849], [2344.6072, 0.0]]",[]
1500511588644,60547457,"[[2351.4413, 0.20345528], [2351.4409, 0.0]]",[]
1500511588652,60547458,"[[2351.451, 0.01]]",[]
1500511589193,60547459,"[[2351.4511, 0.05111211], [2351.441, 0.0]]",[]
1500511591276,60547460,[],"[[2362.5398, 0.5874135], [2360.7699, 0.0]]"
1500511591813,60547461,"[[2351.451, 0.0]]",[]
1500511592216,60547462,"[[2351.4511, 0.0], [2351.4414, 0.05111211]]",[]
1500511593800,60547463,[],"[[2364.2403, 0.0], [2364.2401, 1.58727557]]"
1500511594735,60547464,"[[2351.4514, 0.01]]",[]
1500511595138,60547465,"[[2351.4414, 0.0], [2351.4515, 0.05111211]]",[]
1500511595823,60547466,"[[2271.53, 0.0]]",[]
1500511596092,60547467,[],"[[2364.2402, 0.0]]"
1500511596104,60547468,"[[2351.4517, 0.13918147], [2351.3007, 0.0]]",[]
1500511596113,60547469,"[[2351.4518, 0.20421028], [2351.4413, 0.0]]",[]
1500511596252,60547470,[],"[[2364.24, 0.51657723]]"
1500511596432,60547471,"[[2271.42, 0.12]]",[]
1500511597224,60547472,"[[2351.4515, 0.0], [2351.4519, 0.05111211]]",[]
1500511597241,60547473,"[[2351.4303, 0.0]]",[]
1500511598169,60547474,"[[2351.4514, 0.0]]",[]
1500511598482,60547475,"[[2351.4519, 0.09111211]]",[]
1500511598489,60547476,"[[2351.4518, 0.0], [2351.452, 0.20421028]]",[]
1500511598963,60547477,[],"[[2360.2199, 0.0]]"
1500511599204,60547478,"[[2351.4519, 0.04], [2351.4521, 0.05111211]]",[]
1500511600079,60547479,[],"[[2359.7798, 0.04]]"
1500511600145,60547480,[],"[[2364.9942, 2.29367706], [2364.9999, 0.0]]"
1500511600227,60547481,[],"[[2364.9943, 0.0]]"
1500511600247,60547482,[],"[[2359.7799, 0.0], [2359.7797, 0.2]]"
1500511600564,60547483,[],"[[2364.9857, 1.0]]"
1500511600685,60547484,"[[2351.4621, 0.01]]",[]
1500511601180,60547485,"[[2351.4521, 0.0], [2351.4622, 0.05111211]]",[]
1500511602593,60547486,[],"[[2362.5398, 1.12778175], [2360.5498, 0.0]]"
1500511603719,60547487,"[[2271.42, 0.0]]",[]
1500511603778,60547488,"[[2351.4621, 0.0]]",[]
1500511604189,60547489,"[[2351.4622, 0.0], [2351.4521, 0.05111211]]",[]
1500511606413,60547490,"[[2351.3213, 0.0], [2351.4523, 0.09364515]]",[]
1500511606432,60547491,"[[2351.4524, 0.20421028], [2351.452, 0.0]]",[]
1500511606687,60547492,"[[2351.4624, 0.01]]",[]
1500511607213,60547493,"[[2351.4521, 0.0], [2351.4625, 0.05111211]]",[]
1500511608071,60547494,"[[2343.1404, 21.73830288], [2341.3354, 0.0]]",[]
1500511609150,60547495,"[[2272, 0.12]]",[]
1500511609221,60547496,[],"[[2376.1756, 12.71135334], [2374.3451, 0.0]]"
1500511609850,60547497,"[[2351.4624, 0.0]]",[]
1500511610135,60547498,"[[2351.4525, 0.05111211], [2351.4625, 0.0]]",[]
1500511611246,60547499,"[[2351.4519, 0.0]]",[]
1500511612399,60547500,"[[2351.4626, 0.04]]",[]
1500511612407,60547501,"[[2351.4526, 0.20421028], [2351.4524, 0.0]]",[]
1500511612888,60547502,"[[2351.4726, 0.01]]",[]
1500511613143,60547503,"[[2351.4727, 0.05111211], [2351.4525, 0.0]]",[]
1500511613148,60547504,"[[2351.4526, 0.0], [2351.4627, 0.20421028]]",[]
1500511613654,60547505,[],"[[2359.7798, 0.0]]"
1500511613847,60547506,[],"[[2359.7799, 0.2], [2359.7797, 0.0]]"
1500511614798,60547507,[],"[[2359.7796, 0.04]]"
1500511614937,60547508,"[[2351.4728, 0.45]]",[]
1500511614947,60547509,"[[2351.4729, 0.20421028], [2351.4627, 0.0]]",[]
1500511614971,60547510,[],"[[2359.7799, 0.0], [2359.7795, 0.2]]"
1500511615114,60547511,"[[2351.4728, 0.0], [2351.473, 0.45]]",[]
1500511615114,60547512,"[[2272, 0.0]]",[]
1500511615123,60547513,"[[2351.4729, 0.0], [2351.4731, 0.20421028]]",[]
1500511615130,60547514,"[[2351.473, 0.50111211], [2351.4727, 0.0]]",[]
1500511615291,60547515,"[[2351.473, 0.05111211], [2351.4728, 0.45]]",[]
1500511615477,60547516,"[[2351.4728, 0.0], [2351.4732, 0.45]]",[]
1500511615485,60547517,"[[2351.4733, 0.20421028], [2351.4731, 0.0]]",[]
1500511615655,60547518,"[[2351.4732, 0.0], [2351.4734, 0.45]]",[]
1500511615663,60547519,"[[2351.4735, 0.20421028], [2351.4733, 0.0]]",[]
1500511615751,60547520,"[[2351.4726, 0.0]]",[]
1500511615836,60547521,"[[2351.4734, 0.0], [2351.4736, 0.45]]",[]
1500511615844,60547522,"[[2351.4735, 0.0], [2351.4737, 0.20421028]]",[]
1500511616020,60547523,"[[2351.4627, 0.45], [2351.4736, 0.0]]",[]
1500511616180,60547524,"[[2271.95, 0.12]]",[]
1500511616207,60547525,"[[2351.4738, 0.45], [2351.4627, 0.0]]",[]
1500511616207,60547526,"[[2351.4739, 0.20421028], [2351.4737, 0.0]]",[]
1500511616359,60547527,"[[2351.4738, 0.0], [2351.474, 0.45]]",[]
1500511616368,60547528,"[[2351.4739, 0.0], [2351.4741, 0.20421028]]",[]
1500511616536,60547529,"[[2351.4731, 0.45], [2351.474, 0.0]]",[]
1500511616709,60547530,"[[2351.4742, 0.45], [2351.4731, 0.0]]",[]
1500511616717,60547531,"[[2351.4743, 0.20421028], [2351.4741, 0.0]]",[]
1500511616886,60547532,"[[2351.4744, 0.45], [2351.4742, 0.0]]",[]
1500511616895,60547533,"[[2351.4745, 0.20421028], [2351.4743, 0.0]]",[]
1500511616914,60547534,"[[2351.4743, 0.06983279], [2351.4405, 0.0]]",[]
1500511617062,60547535,"[[2351.4746, 0.45], [2351.4744, 0.0]]",[]
1500511617069,60547536,"[[2351.4747, 0.20421028], [2351.4745, 0.0]]",[]
1500511617216,60547537,"[[2351.473, 0.0], [2351.4748, 0.05111211]]",[]
1500511617236,60547538,"[[2351.4746, 0.0], [2351.4748, 0.50111211]]",[]
1500511617243,60547539,"[[2351.4749, 0.20421028], [2351.4747, 0.0]]",[]
1500511617406,60547540,"[[2351.4749, 0.65421028], [2351.4748, 0.05111211]]",[]
1500511617414,60547541,"[[2351.4749, 0.45], [2351.475, 0.20421028]]",[]
1500511617575,60547542,"[[2351.4749, 0.0], [2351.475, 0.65421028]]",[]
1500511617583,60547543,"[[2351.4751, 0.20421028], [2351.475, 0.45]]",[]
1500511617741,60547544,[],"[[2359.7795, 0.0]]"
1500511617745,60547545,"[[2351.475, 0.0]]",[]
1500511617747,60547546,[],"[[2359.7794, 0.2]]"
1500511617748,60547547,"[[2351.4751, 0.65421028]]",[]
1500511617756,60547548,"[[2351.4751, 0.45], [2351.4752, 0.20421028]]",[]
1500511617923,60547549,[],"[[2359.7795, 0.2], [2359.7794, 0.0]]"
1500511617926,60547550,"[[2351.4751, 0.0], [2351.4749, 0.45]]",[]
1500511618094,60547551,"[[2351.4749, 0.0], [2351.4753, 0.45]]",[]
1500511618102,60547552,"[[2351.4754, 0.20421028], [2351.4752, 0.0]]",[]
1500511618269,60547553,"[[2351.4753, 0.0], [2351.4755, 0.45]]",[]
1500511618277,60547554,"[[2351.4754, 0.0], [2351.4756, 0.20421028]]",[]
1500511618445,60547555,"[[2351.4755, 0.0], [2351.4749, 0.45]]",[]
1500511618616,60547556,"[[2351.4749, 0.0], [2351.4757, 0.45]]",[]
1500511618623,60547557,"[[2351.4756, 0.0], [2351.4758, 0.20421028]]",[]
1500511618663,60547558,"[[2351.4856, 0.01]]",[]
1500511618794,60547559,"[[2351.4749, 0.45], [2351.4757, 0.0]]",[]
1500511618962,60547560,"[[2351.4749, 0.0], [2351.4759, 0.45]]",[]
1500511618972,60547561,"[[2351.476, 0.20421028], [2351.4758, 0.0]]",[]
1500511619138,60547562,"[[2351.4761, 0.45], [2351.4759, 0.0]]",[]
1500511619146,60547563,"[[2351.4762, 0.20421028], [2351.476, 0.0]]",[]
1500511619207,60547564,"[[2351.4857, 0.05111211], [2351.4748, 0.0]]",[]
1500511619269,60547565,"[[2351.4408, 0.0], [2351.4858, 0.2075071]]",[]
1500511619270,60547566,"[[2351.4859, 0.20421028], [2351.4762, 0.0]]",[]
1500511619313,60547567,"[[2351.4763, 0.45], [2351.4761, 0.0]]",[]
1500511619497,60547568,"[[2271.95, 0.0]]",[]
1500511619680,60547569,"[[2351.4763, 0.0], [2351.486, 0.45]]",[]
1500511619688,60547570,"[[2351.4859, 0.0], [2351.4861, 0.20421028]]",[]
1500511619857,60547571,"[[2351.4859, 0.45], [2351.486, 0.0]]",[]
1500511620024,60547572,"[[2351.4859, 0.0], [2351.4862, 0.45]]",[]
1500511620032,60547573,"[[2351.4861, 0.0], [2351.4863, 0.20421028]]",[]
1500511620202,60547574,"[[2351.4862, 0.0], [2351.4859, 0.45]]",[]
1500511620250,60547575,"[[2351.4857, 0.0], [2351.4864, 0.05111211]]",[]
1500511620372,60547576,"[[2351.4859, 0.0], [2351.4864, 0.50111211]]",[]
1500511620384,60547577,"[[2351.4863, 0.0], [2351.4865, 0.20421028]]",[]
1500511620558,60547578,"[[2351.4865, 0.65421028], [2351.4864, 0.05111211]]",[]
1500511620562,60547579,"[[2351.4866, 0.20421028], [2351.4865, 0.45]]",[]
1500511620720,60547580,"[[2351.4866, 0.65421028], [2351.4865, 0.0]]",[]
1500511620736,60547581,"[[2351.4867, 0.20421028], [2351.4866, 0.45]]",[]
1500511620736,60547582,[],"[[2359.7795, 0.0]]"
1500511620898,60547583,"[[2351.4866, 0.0]]",[]
1500511620902,60547584,[],"[[2359.7794, 0.2]]"
1500511620902,60547585,"[[2351.4867, 0.65421028]]",[]
1500511620911,60547586,"[[2351.4868, 0.20421028], [2351.4867, 0.45]]",[]
1500511621073,60547587,[],"[[2359.7795, 0.2], [2359.7794, 0.0]]"
1500511621087,60547588,"[[2351.4865, 0.45], [2351.4867, 0.0]]",[]
1500511621249,60547589,"[[2351.4869, 0.45], [2351.4865, 0.0]]",[]
1500511621258,60547590,"[[2351.487, 0.20421028], [2351.4868, 0.0]]",[]
1500511621291,60547591,"[[2351.4871, 0.05111211], [2351.4864, 0.0]]",[]
1500511621337,60547592,"[[2351.4412, 0.0], [2351.487, 0.54895205]]",[]
1500511621345,60547593,"[[2351.4871, 0.25532239], [2351.487, 0.34474177]]",[]
1500511621485,60547594,"[[2351.4871, 0.70532239], [2351.4869, 0.0]]",[]
1500511621493,60547595,"[[2351.4872, 0.20421028], [2351.4871, 0.50111211]]",[]
1500511621656,60547596,"[[2351.4872, 0.65421028], [2351.4871, 0.05111211]]",[]
1500511621679,60547597,"[[2351.4872, 0.45], [2351.4873, 0.20421028]]",[]
1500511621822,60547598,"[[2351.4856, 0.0]]",[]
1500511621825,60547599,"[[2351.4872, 0.0], [2351.4873, 0.65421028]]",[]
1500511621831,60547600,"[[2351.4874, 0.20421028], [2351.4873, 0.45]]",[]
1500511621845,60547601,[],"[[2359.7795, 0.0]]"
1500511621994,60547602,"[[2351.4873, 0.0]]",[]
1500511621994,60547603,[],"[[2359.7794, 0.2]]"
1500511621999,60547604,"[[2351.4874, 0.65421028]]",[]
1500511622006,60547605,"[[2351.4874, 0.45], [2351.4875, 0.20421028]]",[]
1500511622165,60547606,[],"[[2359.7795, 0.2], [2359.7794, 0.0]]"
1500511622170,60547607,"[[2351.4874, 0.0], [2351.4875, 0.65421028]]",[]
1500511622178,60547608,"[[2351.4875, 0.45], [2351.4876, 0.20421028]]",[]
1500511622231,60547609,"[[2351.4877, 0.05111211], [2351.4871, 0.0]]",[]
1500511622341,60547610,"[[2351.4875, 0.0], [2351.4872, 0.45]]",[]
1500511622516,60547611,"[[2351.4872, 0.0], [2351.4878, 0.45]]",[]
1500511622535,60547612,"[[2351.4876, 0.0], [2351.4879, 0.20421028]]",[]
1500511622704,60547613,"[[2351.4878, 0.0], [2351.488, 0.45]]",[]
1500511622790,60547614,"[[2351.4881, 0.20421028], [2351.4879, 0.0]]",[]
1500511622960,60547615,"[[2351.488, 0.0], [2351.4882, 0.45]]",[]
1500511622968,60547616,"[[2351.4883, 0.20421028], [2351.4881, 0.0]]",[]
1500511623044,60547617,"[[2351.43, 0.0]]",[]
1500511623044,60547618,[],"[[2359.78, 0.0]]"
1500511623136,60547619,"[[2351.4884, 0.45], [2351.4882, 0.0]]",[]
1500511623144,60547620,"[[2351.4885, 0.20421028], [2351.4883, 0.0]]",[]
1500511623352,60547621,"[[2351.4886, 0.45], [2351.4884, 0.0]]",[]
1500511623352,60547622,"[[2351.4885, 0.0], [2351.4887, 0.20421028]]",[]
1500511623489,60547623,"[[2351.4886, 0.0], [2351.4878, 0.45]]",[]
1500511623660,60547624,"[[2351.4878, 0.0], [2351.4888, 0.45]]",[]
1500511623667,60547625,"[[2351.4887, 0.0], [2351.4889, 0.20421028]]",[]
1500511623865,60547626,"[[2351.4878, 0.45], [2351.4888, 0.0]]",[]
1500511623869,60547627,[],"[[2359.67, 0.05]]"
1500511623920,60547628,"[[2351.58, 0.251]]",[]
1500511623927,60547629,"[[2351.5801, 0.20421028], [2351.4889, 0.0]]",[]
1500511624041,60547630,"[[2351.4878, 0.0], [2351.489, 0.45]]",[]
1500511624047,60547631,[],"[[2359.7795, 0.0], [2359.6699, 0.2]]"
1500511624210,60547632,"[[2351.5802, 0.45], [2351.489, 0.0]]",[]
1500511624218,60547633,"[[2351.5801, 0.0], [2351.5803, 0.20421028]]",[]
1500511624386,60547634,"[[2351.5802, 0.0], [2351.5801, 0.45]]",[]
1500511624565,60547635,[],"[[2359.67, 0.0], [2359.56, 0.05]]"
1500511624581,60547636,"[[2351.5801, 0.0], [2351.5804, 0.45]]",[]
1500511624589,60547637,"[[2351.5805, 0.20421028], [2351.5803, 0.0]]",[]
1500511624634,60547638,"[[2351.5903, 0.01]]",[]
1500511624730,60547639,[],"[[2359.7795, 0.2], [2359.6699, 0.0]]"
1500511624757,60547640,"[[2351.5806, 0.45], [2351.5804, 0.0]]",[]
1500511624765,60547641,"[[2351.5805, 0.0], [2351.5807, 0.20421028]]",[]
1500511624854,60547642,"[[2273.53, 0.12]]",[]
1500511624917,60547643,[],"[[2359.7795, 0.0], [2359.5599, 0.2]]"
1500511624955,60547644,"[[2351.5806, 0.0], [2351.5801, 0.45]]",[]
1500511625104,60547645,"[[2351.5801, 0.0], [2351.5808, 0.45]]",[]
1500511625113,60547646,"[[2351.5807, 0.0], [2351.5809, 0.20421028]]",[]
1500511625162,60547647,[],"[[2359.45, 0.05], [2359.56, 0.0]]"
1500511625286,60547648,"[[2351.5801, 0.45], [2351.5808, 0.0]]",[]
1500511625326,60547649,[],"[[2364.2401, 0.0], [2364.2399, 1.58727557]]"
1500511625333,60547650,[],"[[2359.5599, 0.0], [2359.4499, 0.2]]"
1500511625455,60547651,"[[2351.5801, 0.0], [2351.581, 0.45]]",[]
1500511625462,60547652,"[[2351.5811, 0.20421028], [2351.5809, 0.0]]",[]
1500511625629,60547653,"[[2351.581, 0.0], [2351.5812, 0.45]]",[]
1500511625636,60547654,"[[2351.5811, 0.0], [2351.5813, 0.20421028]]",[]
1500511625699,60547655,[],"[[2364.24, 0.0]]"
1500511625762,60547656,"[[2351.4626, 0.0]]",[]
1500511625805,60547657,"[[2351.5801, 0.45], [2351.5812, 0.0]]",[]
1500511625965,60547658,[],"[[2359.45, 0.0], [2359.34, 0.05]]"
1500511625974,60547659,"[[2351.5801, 0.0], [2351.5814, 0.45]]",[]
1500511625984,60547660,"[[2351.5813, 0.0], [2351.5815, 0.20421028]]",[]
1500511626131,60547661,[],"[[2359.4499, 0.0], [2359.7795, 0.2]]"
1500511626138,60547662,[],"[[2364.2398, 0.51657723]]"
1500511626154,60547663,"[[2351.5814, 0.0], [2351.5801, 0.45]]",[]
1500511626300,60547664,[],"[[2359.7795, 0.0], [2359.3399, 0.2]]"
1500511626323,60547665,"[[2351.5801, 0.0], [2351.5816, 0.45]]",[]
1500511626340,60547666,"[[2351.5815, 0.0], [2351.5817, 0.19028314]]",[]
1500511626511,60547667,"[[2351.5816, 0.0], [2351.5801, 0.45]]",[]
1500511626671,60547668,"[[2351.5801, 0.0], [2351.5818, 0.45]]",[]
1500511626678,60547669,"[[2351.5817, 0.0], [2351.5819, 0.19028314]]",[]
1500511626823,60547670,[],"[[2359.34, 0.0], [2359.23, 0.05]]"
1500511626856,60547671,"[[2351.5904, 0.04]]",[]
1500511626857,60547672,"[[2351.5801, 0.45], [2351.5818, 0.0]]",[]
1500511626990,60547673,[],"[[2359.3399, 0.0], [2359.7795, 0.2]]"
1500511627156,60547674,[],"[[2359.7795, 0.0], [2359.2299, 0.2]]"
1500511627156,60547675,"[[2351.5801, 0.0], [2351.5905, 0.45]]",[]
1500511627166,60547676,"[[2351.5906, 0.19028314], [2351.5819, 0.0]]",[]
1500511627341,60547677,"[[2351.5907, 0.45], [2351.5905, 0.0]]",[]
1500511627349,60547678,"[[2351.5908, 0.19028314], [2351.5906, 0.0]]",[]
1500511627481,60547679,[],"[[2359.7796, 0.0]]"
1500511627496,60547680,[],"[[2359.23, 0.0], [2359.12, 0.05]]"
1500511627517,60547681,"[[2351.4517, 0.0], [2351.5906, 0.13917325]]",[]
1500511627521,60547682,"[[2351.5907, 0.0], [2351.5909, 0.45]]",[]
1500511627539,60547683,"[[2351.591, 0.19028314], [2351.5908, 0.0]]",[]
1500511627751,60547684,[],"[[2359.2299, 0.0], [2362.5397, 0.2]]"
1500511627751,60547685,"[[2351.5911, 0.45], [2351.5909, 0.0]]",[]
1500511627761,60547686,"[[2351.591, 0.0], [2351.5912, 0.19028314]]",[]
1500511627919,60547687,[],"[[2359.1199, 0.2], [2362.5397, 0.0]]"
1500511627930,60547688,"[[2351.5911, 0.0], [2351.5907, 0.45]]",[]
1500511628099,60547689,"[[2351.5907, 0.0], [2351.5913, 0.45]]",[]
1500511628107,60547690,"[[2351.5914, 0.19028314], [2351.5912, 0.0]]",[]
1500511628275,60547691,"[[2351.5913, 0.0], [2351.5915, 0.45]]",[]
1500511628282,60547692,"[[2351.5916, 0.19028314], [2351.5914, 0.0]]",[]
1500511628379,60547693,"[[2351.5917, 0.05111211], [2351.4877, 0.0]]",[]
1500511628449,60547694,"[[2351.5915, 0.0], [2351.5917, 0.50111211]]",[]
1500511628457,60547695,"[[2351.5918, 0.19028314], [2351.5916, 0.0]]",[]
1500511628491,60547696,[],"[[2359.12, 0.0], [2362.43, 0.05]]"
1500511628523,60547697,"[[2351.5903, 0.0]]",[]
1500511628523,60547698,"[[2273.53, 0.0]]",[]
1500511628582,60547699,"[[2351.5917, 0.45], [2351.5919, 0.05111211]]",[]
1500511628622,60547700,"[[2351.5917, 0.0], [2351.5918, 0.64028314]]",[]
1500511628630,60547701,"[[2351.5919, 0.24139525], [2351.5918, 0.45]]",[]
1500511628663,60547702,[],"[[2359.1199, 0.0], [2362.5397, 0.2]]"
1500511628798,60547703,"[[2351.592, 0.45], [2351.5918, 0.0]]",[]
1500511628806,60547704,"[[2351.5921, 0.19028314], [2351.5919, 0.05111211]]",[]
1500511628857,60547705,[],"[[2362.4299, 0.2], [2362.5397, 0.0]]"
1500511628993,60547706,"[[2351.592, 0.0], [2351.5922, 0.45]]",[]
1500511628996,60547707,[],"[[2359.5599, 0.04]]"
1500511629002,60547708,"[[2351.5923, 0.19028314], [2351.5921, 0.0]]",[]
1500511629006,60547709,"[[2351.5922, 0.50111211], [2351.5919, 0.0]]",[]
1500511629165,60547710,[],"[[2362.4299, 0.0], [2359.5598, 0.2]]"
1500511629169,60547711,"[[2351.5924, 0.45], [2351.5922, 0.05111211]]",[]
1500511629172,60547712,[],"[[2362.43, 0.0], [2362.32, 0.05]]"
1500511629176,60547713,"[[2351.5925, 0.19028314], [2351.5923, 0.0]]",[]
1500511629206,60547714,"[[2351.5926, 0.05111211], [2351.5922, 0.0]]",[]
1500511629346,60547715,"[[2351.5924, 0.0], [2351.5926, 0.50111211]]",[]
1500511629354,60547716,"[[2351.5927, 0.19028314], [2351.5925, 0.0]]",[]
1500511629364,60547717,"[[2272.42, 0.12]]",[]
1500511629427,60547718,"[[2351.5926, 0.45], [2351.5928, 0.05111211]]",[]
1500511629516,60547719,"[[2351.5926, 0.0], [2351.5927, 0.64028314]]",[]
1500511629523,60547720,"[[2351.5928, 0.24139525], [2351.5927, 0.45]]",[]
1500511629616,60547721,"[[2193.67, 0.0]]",[]
1500511629663,60547722,"[[2139.892, 0.0]]",[]
1500511629686,60547723,"[[2351.5929, 0.45], [2351.5927, 0.0]]",[]
1500511629694,60547724,"[[2351.5928, 0.05111211], [2351.593, 0.19028314]]",[]
1500511629863,60547725,[],"[[2359.45, 0.05], [2362.32, 0.0]]"
1500511629863,60547726,"[[2351.5928, 0.0], [2351.5931, 0.05111211]]",[]
1500511629869,60547727,"[[2351.5929, 0.0], [2351.5931, 0.50111211]]",[]
1500511629873,60547728,"[[2351.5932, 0.19028314], [2351.593, 0.0]]",[]
1500511630032,60547729,[],"[[2359.5598, 0.0], [2359.4499, 0.2]]"
1500511630039,60547730,"[[2351.5932, 0.64028314], [2351.5931, 0.05111211]]",[]
1500511630048,60547731,"[[2351.5932, 0.45], [2351.5933, 0.19028314]]",[]
1500511630209,60547732,"[[2351.5932, 0.0], [2351.5933, 0.64028314]]",[]
1500511630217,60547733,"[[2351.5933, 0.45], [2351.5934, 0.19028314]]",[]
1500511630220,60547734,[],"[[2359.4499, 0.0]]"
1500511630250,60547735,"[[2351.5935, 0.05111211], [2351.5931, 0.0]]",[]
1500511630376,60547736,"[[2351.5933, 0.0]]",[]
1500511630377,60547737,[],"[[2359.4498, 0.2]]"
1500511630382,60547738,"[[2351.5934, 0.64028314]]",[]
1500511630394,60547739,"[[2351.5934, 0.45], [2351.5935, 0.24139525]]",[]
1500511630513,60547740,"[[2351.69, 0.251], [2351.58, 0.0]]",[]
1500511630521,60547741,"[[2351.5935, 0.05111211], [2351.6901, 0.19028314]]",[]
1500511630552,60547742,[],"[[2359.4499, 0.2], [2359.4498, 0.0]]"
1500511630556,60547743,"[[2351.5934, 0.0], [2351.5936, 0.45]]",[]
1500511630638,60547744,"[[2351.7001, 0.01]]",[]
1500511630723,60547745,"[[2351.5936, 0.0]]",[]
1500511631165,60547746,[],"[[2359.45, 0.0], [2359.34, 0.05]]"
1500511631290,60547747,"[[2351.5935, 0.0], [2351.7002, 0.05111211]]",[]
1500511631308,60547748,[],"[[2359.4499, 0.0], [2359.5598, 0.2]]"
1500511631478,60547749,[],"[[2359.5598, 0.0], [2359.3399, 0.2]]"
1500511631567,60547750,"[[2272.42, 0.0]]",[]
1500511631641,60547751,[],"[[2364.9856, 2.29367706], [2364.9942, 0.0]]"
1500511631772,60547752,[],"[[2364.9857, 0.0]]"
1500511632025,60547753,[],"[[2359.34, 0.0], [2359.23, 0.05]]"
1500511632055,60547754,[],"[[2364.9821, 1.0]]"
1500511632194,60547755,[],"[[2359.3399, 0.0], [2359.5598, 0.2]]"
1500511632367,60547756,[],"[[2359.5598, 0.0], [2359.2299, 0.2]]"
1500511633013,60547757,[],"[[2359.23, 0.0], [2359.12, 0.05]]"
1500511633276,60547758,[],"[[2359.2299, 0.0], [2359.5598, 0.2]]"
1500511633446,60547759,[],"[[2359.5598, 0.0], [2359.1199, 0.2]]"
1500511633613,60547760,[],"[[2359.12, 0.0], [2359.45, 0.05]]"
1500511633745,60547761,"[[2351.7001, 0.0]]",[]
1500511633780,60547762,[],"[[2359.1199, 0.0], [2359.5598, 0.2]]"
1500511633895,60547763,"[[2351.6902, 0.05111211], [2351.7002, 0.0]]",[]
1500511633949,60547764,[],"[[2359.5598, 0.0], [2359.4499, 0.2]]"
1500511633970,60547765,"[[2343.1404, 0.0], [2339.5657, 21.77151756]]",[]
1500511634202,60547766,[],"[[2359.45, 0.0], [2359.34, 0.05]]"
1500511634383,60547767,[],"[[2359.4499, 0.0], [2359.5598, 0.2]]"
1500511634692,60547768,[],"[[2359.5598, 0.0], [2359.3399, 0.2]]"
1500511634835,60547769,[],"[[2359.34, 0.0], [2359.45, 0.05]]"
1500511635007,60547770,[],"[[2359.3399, 0.0], [2359.5598, 0.2]]"
1500511635007,60547771,[],"[[2372.5505, 12.71135334], [2376.1756, 0.0]]"
1500511635273,60547772,[],"[[2359.5598, 0.0], [2359.4499, 0.2]]"
1500511635744,60547773,[],"[[2359.45, 0.0], [2359.34, 0.05]]"
1500511635911,60547774,[],"[[2359.4499, 0.0], [2359.5598, 0.2]]"
1500511636088,60547775,[],"[[2359.5598, 0.0], [2359.3399, 0.2]]"
1500511636397,60547776,[],"[[2359.34, 0.0], [2359.23, 0.05]]"
1500511636397,60547777,"[[2339.9979, 0.88745787], [2343.4786, 0.0]]",[]
1500511636535,60547778,[],"[[2359.3399, 0.0], [2359.5598, 0.2]]"
1500511636671,60547779,"[[2351.7002, 0.01]]",[]
1500511636718,60547780,[],"[[2359.5598, 0.0], [2359.2299, 0.2]]"
1500511636942,60547781,"[[2272.56, 0.12]]",[]
1500511636957,60547782,[],"[[2359.23, 0.0], [2359.12, 0.05]]"
1500511637127,60547783,[],"[[2359.2299, 0.0], [2359.5598, 0.2]]"
1500511637243,60547784,"[[2351.7003, 0.05111211], [2351.6902, 0.0]]",[]
1500511637302,60547785,[],"[[2359.5598, 0.0], [2359.1199, 0.2]]"
1500511637417,60547786,[],"[[2376.5186, 0.0], [2372.9889, 11.98760951]]"
1500511637743,60547787,[],"[[2359.12, 0.0], [2359.01, 0.05]]"
1500511637908,60547788,[],"[[2359.1199, 0.0], [2359.5598, 0.2]]"
1500511638096,60547789,[],"[[2359.5598, 0.0], [2359.0099, 0.2]]"
1500511638300,60547790,"[[2351.7005, 0.09363527], [2351.4523, 0.0]]",[]
1500511638311,60547791,"[[2351.6901, 0.0], [2351.7006, 0.19028314]]",[]
1500511638486,60547792,[],"[[2359.01, 0.0], [2358.9, 0.05]]"
1500511638678,60547793,[],"[[2359.5598, 0.2], [2359.0099, 0.0]]"
1500511638848,60547794,[],"[[2359.5598, 0.0], [2358.8999, 0.2]]"
1500511639129,60547795,[],"[[2358.9, 0.0], [2358.79, 0.05]]"
1500511639209,60547796,"[[2351.7003, 0.0], [2351.7007, 0.05111211]]",[]
1500511639314,60547797,"[[2272.56, 0.0]]",[]
1500511639418,60547798,[],"[[2358.8999, 0.0], [2359.5598, 0.2]]"
1500511639587,60547799,[],"[[2359.5598, 0.0], [2358.7899, 0.2]]"
1500511639866,60547800,[],"[[2359.45, 0.05], [2358.79, 0.0]]"
1500511640026,60547801,[],"[[2358.7899, 0.0], [2359.4499, 0.2]]"
1500511640105,60547802,"[[2351.5904, 0.0]]",[]
1500511640126,60547803,"[[2351.7002, 0.0]]",[]
1500511640126,60547804,"[[2272.67, 0.12]]",[]
1500511640502,60547805,[],"[[2359.45, 0.0], [2359.34, 0.05]]"
1500511640673,60547806,[],"[[2359.4499, 0.0], [2359.5598, 0.2]]"
1500511640841,60547807,[],"[[2359.5598, 0.0], [2359.3399, 0.2]]"
1500511641089,60547808,"[[2351.7007, 0.09111211]]",[]
1500511641089,60547809,"[[2351.7006, 0.0], [2351.7008, 0.19028314]]",[]
1500511641141,60547810,[],"[[2359.34, 0.0], [2359.23, 0.05]]"
1500511641191,60547811,"[[2351.7009, 0.05111211], [2351.7007, 0.04]]",[]
1500511641309,60547812,[],"[[2359.3399, 0.0], [2359.5598, 0.2]]"
1500511641478,60547813,[],"[[2359.5598, 0.0], [2359.2299, 0.2]]"
1500511641619,60547814,[],"[[2359.5599, 0.0]]"
1500511642067,60547815,[],"[[2359.23, 0.0], [2359.12, 0.05]]"
1500511642069,60547816,"[[2339.5657, 0.0], [2343.1404, 21.73830288]]",[]
1500511642240,60547817,[],"[[2359.2299, 0.0], [2362.5397, 0.2]]"
1500511642414,60547818,"[[2346.5762, 0.88497001], [2339.9979, 0.0]]",[]
1500511642414,60547819,[],"[[2359.1199, 0.2], [2362.5397, 0.0]]"
1500511642645,60547820,[],"[[2359.12, 0.0], [2359.01, 0.05]]"
1500511642645,60547821,"[[2351.7109, 0.01]]",[]
1500511642686,60547822,[],"[[2358.8998, 0.04]]"
1500511642813,60547823,[],"[[2359.1199, 0.0], [2362.5397, 0.2]]"
1500511642983,60547824,[],"[[2358.8997, 0.2], [2362.5397, 0.0]]"
1500511643184,60547825,"[[2351.7009, 0.0], [2351.711, 0.05111211]]",[]
1500511643209,60547826,[],"[[2372.5505, 0.0], [2376.1756, 12.71135334]]"
1500511643255,60547827,[],"[[2359.01, 0.0], [2358.79, 0.05]]"
1500511643426,60547828,[],"[[2358.8997, 0.0], [2358.7899, 0.2]]"
1500511643445,60547829,[],"[[2379.6598, 11.98760951], [2372.9889, 0.0]]"
1500511643487,60547830,"[[2272.67, 0.0]]",[]
1500511643984,60547831,[],"[[2358.68, 0.05], [2358.79, 0.0]]"
1500511644138,60547832,[],"[[2358.7899, 0.0], [2358.6799, 0.2]]"
1500511644604,60547833,[],"[[2358.57, 0.05], [2358.68, 0.0]]"
1500511644772,60547834,[],"[[2358.6799, 0.0], [2358.5699, 0.2]]"
1500511645215,60547835,[],"[[2358.46, 0.05], [2358.57, 0.0]]"
1500511645385,60547836,[],"[[2358.5699, 0.0], [2358.4599, 0.2]]"
1500511648472,60547837,"[[2272.61, 0.12]]",[]
1500511648578,60547838,"[[2351.7112, 0.06982575], [2351.4743, 0.0]]",[]
1500511648578,60547839,[],"[[2364.9821, 0.0]]"
1500511648622,60547840,"[[2351.7008, 0.0], [2351.7111, 0.19028314]]",[]
1500511648638,60547841,"[[2343.1427, 1.0]]",[]
1500511648706,60547842,[],"[[2364.9745, 0.42402]]"
1500511648779,60547843,[],"[[2364.9745, 0.0]]"
1500511648806,60547844,"[[2351.7109, 0.0]]",[]
1500511648854,60547845,[],"[[2364.9793, 0.39028]]"
1500511648933,60547846,[],"[[2364.9793, 0.0]]"
1500511649080,60547847,[],"[[2364.9742, 0.3896]]"
1500511649193,60547848,[],"[[2364.9742, 0.0]]"
1500511649234,60547849,"[[2351.7113, 0.05111211], [2351.711, 0.0]]",[]
1500511649283,60547850,"[[2351.7113, 0.24139525], [2351.7111, 0.0]]",[]
1500511651245,60547851,"[[2351.7115, 0.20748719], [2351.4858, 0.0]]",[]
1500511651254,60547852,"[[2351.7116, 0.19028314], [2351.7113, 0.05111211]]",[]
1500511651642,60547853,"[[2351.7216, 0.01]]",[]
1500511652140,60547854,"[[2351.7217, 0.05111211], [2351.7113, 0.0]]",[]
1500511652229,60547855,"[[2351.69, 0.0]]",[]
1500511652229,60547856,[],"[[2358.46, 0.0]]"
1500511652388,60547857,[],"[[2358.4599, 0.0], [2358.8997, 0.2]]"
1500511653350,60547858,[],"[[2358.79, 0.05]]"
1500511653519,60547859,[],"[[2358.8997, 0.0], [2358.7899, 0.2]]"
1500511653551,60547860,"[[2351.82, 0.251]]",[]
1500511653562,60547861,"[[2351.7116, 0.0], [2351.8201, 0.19028314]]",[]
1500511653752,60547862,"[[2346.5764, 0.3454632], [2351.487, 0.0]]",[]
1500511653770,60547863,"[[2351.7007, 0.0]]",[]
1500511653954,60547864,[],"[[2358.68, 0.05], [2358.79, 0.0]]"
1500511654121,60547865,[],"[[2358.7899, 0.0], [2358.6799, 0.2]]"
1500511654221,60547866,"[[2351.7217, 0.0], [2351.8202, 0.05111211]]",[]
1500511654558,60547867,[],"[[2358.57, 0.05], [2358.68, 0.0]]"
1500511654731,60547868,[],"[[2358.6799, 0.0], [2358.5699, 0.2]]"
1500511654898,60547869,"[[2351.7218, 0.04]]",[]
1500511655148,60547870,"[[2351.7216, 0.0]]",[]
1500511655327,60547871,[],"[[2358.46, 0.05], [2358.57, 0.0]]"
1500511655369,60547872,[],"[[2358.8998, 0.0]]"
1500511655496,60547873,[],"[[2358.5699, 0.0], [2358.4599, 0.2]]"
1500511655919,60547874,[],"[[2358.46, 0.0], [2358.35, 0.05]]"
1500511656090,60547875,[],"[[2358.4599, 0.0], [2362.5397, 0.2]]"
1500511656265,60547876,[],"[[2358.3499, 0.2], [2362.5397, 0.0]]"
1500511656688,60547877,[],"[[2358.8996, 0.04]]"
1500511656713,60547878,[],"[[2358.24, 0.05], [2358.35, 0.0]]"
1500511656955,60547879,[],"[[2358.2399, 0.2], [2358.3499, 0.0]]"
1500511657409,60547880,[],"[[2358.13, 0.05], [2358.24, 0.0]]"
1500511657580,60547881,[],"[[2358.1299, 0.2], [2358.2399, 0.0]]"
1500511658306,60547882,[],"[[2364.2397, 1.58727557], [2364.2399, 0.0]]"
1500511658307,60547883,[],"[[2358.13, 0.0], [2358.02, 0.05]]"
1500511658541,60547884,[],"[[2358.1299, 0.0], [2358.8995, 0.2]]"
1500511658620,60547885,[],"[[2358.8995, 0.0], [2358.0199, 0.2]]"
1500511659006,60547886,[],"[[2358.02, 0.0], [2357.91, 0.05]]"
1500511659009,60547887,[],"[[2364.2398, 0.0]]"
1500511659172,60547888,[],"[[2364.2396, 0.51657723]]"
1500511659174,60547889,[],"[[2358.8995, 0.2], [2358.0199, 0.0]]"
1500511659224,60547890,"[[2272.61, 0.0]]",[]
1500511659344,60547891,[],"[[2358.8995, 0.0], [2357.9099, 0.2]]"
1500511659618,60547892,[],"[[2357.91, 0.0], [2357.8, 0.05]]"
1500511659846,60547893,[],"[[2357.9099, 0.0], [2358.8995, 0.2]]"
1500511660005,60547894,"[[2310.96, 0.12]]",[]
1500511660012,60547895,[],"[[2358.8995, 0.0], [2357.7999, 0.2]]"
1500511660218,60547896,[],"[[2357.8, 0.0], [2358.79, 0.05]]"
1500511660358,60547897,"[[2351.8204, 0.13915965], [2351.5906, 0.0]]",[]
1500511660370,60547898,"[[2351.8205, 0.20957948], [2351.8201, 0.0]]",[]
1500511660388,60547899,[],"[[2358.8995, 0.2], [2357.7999, 0.0]]"
1500511660714,60547900,[],"[[2358.8995, 0.0], [2358.7899, 0.2]]"
1500511661205,60547901,"[[2351.8206, 0.05111211], [2351.8202, 0.0]]",[]
1500511661335,60547902,[],"[[2358.68, 0.05], [2358.79, 0.0]]"
1500511661503,60547903,[],"[[2358.7899, 0.0], [2358.6799, 0.2]]"
1500511662119,60547904,[],"[[2358.57, 0.05], [2358.68, 0.0]]"
1500511662290,60547905,[],"[[2358.6799, 0.0], [2358.5699, 0.2]]"
1500511662702,60547906,[],"[[2358.46, 0.05], [2358.57, 0.0]]"
1500511662889,60547907,[],"[[2358.5699, 0.0], [2358.4599, 0.2]]"
1500511663291,60547908,[],"[[2358.46, 0.0], [2358.35, 0.05]]"
1500511663458,60547909,[],"[[2358.4599, 0.0], [2358.8995, 0.2]]"
1500511663645,60547910,[],"[[2358.8995, 0.0], [2358.3499, 0.2]]"
1500511663661,60547911,"[[2351.8306, 0.01]]",[]
1500511663974,60547912,[],"[[2358.24, 0.05], [2358.35, 0.0]]"
1500511664149,60547913,[],"[[2358.2399, 0.2], [2358.3499, 0.0]]"
1500511664210,60547914,"[[2351.8206, 0.0], [2351.8307, 0.05111211]]",[]
1500511664354,60547915,[],"[[2364.9856, 0.0], [2364.9999, 2.29367706]]"
1500511664647,60547916,[],"[[2358.13, 0.05], [2358.24, 0.0]]"
1500511664815,60547917,[],"[[2358.1299, 0.2], [2358.2399, 0.0]]"
1500511665869,60547918,[],"[[2358.13, 0.0], [2358.02, 0.05]]"
1500511666030,60547919,[],"[[2358.1299, 0.0], [2358.8995, 0.2]]"
1500511666200,60547920,[],"[[2358.8995, 0.0], [2358.0199, 0.2]]"
1500511666220,60547921,[],"[[2364.9904, 0.05536]]"
1500511666377,60547922,[],"[[2364.9904, 0.0]]"
1500511666458,60547923,[],"[[2364.9976, 0.07591]]"
1500511666670,60547924,[],"[[2358.02, 0.0], [2357.91, 0.05]]"
1500511666758,60547925,[],"[[2364.9976, 0.0]]"
1500511666758,60547926,"[[2227.132, 11.338]]",[]
1500511666839,60547927,[],"[[2358.8995, 0.2], [2358.0199, 0.0]]"
1500511667016,60547928,[],"[[2358.8995, 0.0], [2357.9099, 0.2]]"
1500511667353,60547929,"[[2351.8306, 0.0]]",[]
1500511667353,60547930,[],"[[2364.9911, 0.05212]]"
1500511667756,60547931,"[[2346.5762, 0.0], [2341.6312, 0.44540486]]",[]
1500511667756,60547932,[],"[[2357.91, 0.0], [2357.8, 0.05]]"
1500511667929,60547933,[],"[[2357.9099, 0.0], [2358.8995, 0.2]]"
1500511667930,60547934,[],"[[2364.9911, 0.0]]"
1500511668101,60547935,[],"[[2358.8995, 0.0], [2357.7999, 0.2]]"
1500511668185,60547936,"[[2351.8307, 0.0], [2351.8206, 0.05111211]]",[]
1500511668399,60547937,[],"[[2374.6452, 11.98760951], [2379.6598, 0.0]]"
1500511668455,60547938,[],"[[2357.8, 0.0], [2357.69, 0.05]]"
1500511668627,60547939,[],"[[2358.8995, 0.2], [2357.7999, 0.0]]"
1500511668778,60547940,[],"[[2358.8995, 0.0], [2357.6899, 0.2]]"
1500511668839,60547941,"[[2259.864, 3.149]]",[]
1500511669137,60547942,[],"[[2357.69, 0.0], [2357.58, 0.05]]"
1500511669191,60547943,"[[2351.7218, 0.0]]",[]
1500511669313,60547944,[],"[[2358.8995, 0.2], [2357.6899, 0.0]]"
1500511669485,60547945,[],"[[2358.8995, 0.0], [2357.5799, 0.2]]"
