1500511397306,33485993,"[[210.00000217, 0.570976], [210.00000215, 0.0]]",[]
1500511397319,33485994,"[[210.00000218, 2.958539], [210.00000216, 0.0]]",[]
1500511397467,33485995,"[[210.00000219, 0.570976], [210.00000217, 0.0]]",[]
1500511397476,33485996,"[[210.0000022, 2.958539], [210.00000218, 0.0]]",[]
1500511397720,33485997,"[[209.5268, 2.993217], [209.5169, 0.0]]",[]
1500511397720,33485998,[],"[[211.8208, 0.0], [211.8109, 2.974631]]"
1500511397720,33485999,"[[210.00000219, 0.0], [210.00000221, 0.570976]]",[]
1500511397732,33486000,"[[210.00000222, 2.958539], [210.0000022, 0.0]]",[]
1500511397888,33486001,"[[210.00000223, 0.570976], [210.00000221, 0.0]]",[]
1500511397895,33486002,"[[210.00000222, 0.0], [210.00000224, 2.958539]]",[]
1500511397943,33486003,"[[210.00000201, 0.0]]",[]
1500511398106,33486004,"[[210.00000225, 0.570976], [210.00000223, 0.0]]",[]
1500511398114,33486005,"[[210.00000224, 0.0], [210.00000226, 2.958539]]",[]
1500511398308,33486006,"[[210.00000227, 0.570976], [210.00000225, 0.0]]",[]
1500511398315,33486007,"[[210.00000228, 2.958539], [210.00000226, 0.0]]",[]
1500511398511,33486008,"[[210.00000229, 0.570976], [210.00000227, 0.0]]",[]
1500511398518,33486009,"[[210.0000023, 2.958539], [210.00000228, 0.0]]",[]
1500511398731,33486010,"[[210.00000229, 0.0], [210.00000231, 0.570976]]",[]
1500511398739,33486011,"[[210.00000232, 2.958539], [210.0000023, 0.0]]",[]
1500511398902,33486012,"[[209.5368, 2.963284], [209.5268, 0.0]]",[]
1500511398903,33486013,[],"[[211.8109, 0.0], [211.801, 2.944884]]"
1500511399007,33486014,"[[210.00000231, 0.0], [210.00000233, 0.570976]]",[]
1500511399016,33486015,"[[210.00000234, 2.958539], [210.00000232, 0.0]]",[]
1500511399161,33486016,"[[210.0000041, 0.8]]",[]
1500511399225,33486017,"[[210.00000411, 2.958539], [210.00000234, 0.0]]",[]
1500511399300,33486018,"[[210.00000411, 3.529515], [210.00000233, 0.0]]",[]
1500511399345,33486019,"[[210.00000411, 0.570976], [210.00000412, 2.958539]]",[]
1500511399453,33486020,"[[210.00000411, 0.0], [210.00000413, 0.570976]]",[]
1500511399461,33486021,"[[210.00000412, 0.0], [210.00000414, 2.958539]]",[]
1500511399850,33486022,"[[210.00000415, 0.570976], [210.00000413, 0.0]]",[]
1500511399880,33486023,"[[210.00000414, 0.0], [210.00000416, 2.958539]]",[]
1500511400021,33486024,"[[209.5467, 2.933651], [209.5368, 0.0]]",[]
1500511400022,33486025,[],"[[211.801, 0.0], [211.7911, 2.915435]]"
1500511400072,33486026,"[[210.00000417, 0.570976], [210.00000415, 0.0]]",[]
1500511400079,33486027,"[[210.00000416, 0.0], [210.00000418, 2.958539]]",[]
1500511400293,33486028,"[[210.00000419, 0.570976], [210.00000417, 0.0]]",[]
1500511400300,33486029,"[[210.0000042, 2.958539], [210.00000418, 0.0]]",[]
1500511400494,33486030,"[[210.00000419, 0.0], [210.00000421, 0.570976]]",[]
1500511400502,33486031,"[[210.0000042, 0.0], [210.00000422, 2.958539]]",[]
1500511400562,33486032,"[[209.24464014, 243.427481], [208.66802411, 0.0]]",[]
1500511400713,33486033,"[[210.00000423, 0.570976], [210.00000421, 0.0]]",[]
1500511400720,33486034,"[[210.00000424, 2.958539], [210.00000422, 0.0]]",[]
1500511400780,33486035,"[[209.4871, 0.0]]",[]
1500511400853,33486036,"[[209.0036, 0.0]]",[]
1500511400916,33486037,"[[210.00000425, 0.570976], [210.00000423, 0.0]]",[]
1500511400926,33486038,"[[209.24784014, 50.89735]]",[]
1500511400927,33486039,"[[210.00000424, 0.0], [210.00000426, 2.958539]]",[]
1500511400974,33486040,[],"[[212.61955385, 101.345278], [212.03363757, 0.0]]"
1500511401114,33486041,"[[210.00000425, 0.0], [210.00000427, 0.570976]]",[]
1500511401125,33486042,"[[210.00000426, 0.0], [210.00000428, 2.958539]]",[]
1500511401152,33486043,"[[209.5566, 2.904314], [209.5467, 0.0]]",[]
1500511401153,33486044,[],"[[211.7911, 0.0], [211.7812, 2.88628]]"
1500511401334,33486045,"[[210.00000429, 0.570976], [210.00000427, 0.0]]",[]
1500511401341,33486046,"[[210.00000428, 0.0], [210.0000043, 2.958539]]",[]
1500511401537,33486047,"[[210.00000431, 0.570976], [210.00000429, 0.0]]",[]
1500511401545,33486048,"[[210.00000432, 2.958539], [210.0000043, 0.0]]",[]
1500511401754,33486049,"[[210.00000431, 0.0], [210.00000433, 0.570976]]",[]
1500511401763,33486050,"[[210.00000432, 0.0], [210.00000434, 2.958539]]",[]
1500511401803,33486051,[],"[[226.83, 54.17], [225.22, 128.41]]"
1500511401957,33486052,"[[210.00000435, 0.570976], [210.00000433, 0.0]]",[]
1500511401965,33486053,"[[210.00000434, 0.0], [210.00000436, 2.958539]]",[]
1500511401977,33486054,[],"[[211.78119999, 1.994377], [211.19999999, 0.0]]"
1500511402160,33486055,"[[210.00000437, 0.570976], [210.00000435, 0.0]]",[]
1500511402170,33486056,"[[210.00000438, 2.958539], [210.00000436, 0.0]]",[]
1500511402333,33486057,"[[209.5665, 2.87527], [209.5566, 0.0]]",[]
1500511402333,33486058,[],"[[211.7812, 0.0], [211.91, 8.044104]]"
1500511402379,33486059,"[[210.00000437, 0.0], [210.00000439, 0.570976]]",[]
1500511402387,33486060,"[[210.00000438, 0.0], [210.0000044, 2.958539]]",[]
1500511402581,33486061,"[[210.00000439, 0.0], [210.00000441, 0.570976]]",[]
1500511402590,33486062,"[[210.0000044, 0.0], [210.00000442, 2.958539]]",[]
1500511402800,33486063,"[[210.00000443, 0.570976], [210.00000441, 0.0]]",[]
1500511402807,33486064,"[[210.00000444, 2.958539], [210.00000442, 0.0]]",[]
1500511403001,33486065,"[[210.00000445, 0.570976], [210.00000443, 0.0]]",[]
1500511403007,33486066,"[[210.00000444, 0.0], [210.00000446, 2.958539]]",[]
1500511403205,33486067,"[[210.00000445, 0.0], [210.00000447, 0.570976]]",[]
1500511403218,33486068,"[[210.00000446, 0.0], [210.00000448, 2.958539]]",[]
1500511403454,33486069,"[[210.00000449, 0.570976], [210.00000447, 0.0]]",[]
1500511403461,33486070,"[[210.00000448, 0.0], [210.0000045, 2.958539]]",[]
1500511403629,33486071,"[[210.00000449, 0.0], [210.00000451, 0.570976]]",[]
1500511403639,33486072,"[[210.0000045, 0.0], [210.00000452, 2.958539]]",[]
1500511403673,33486073,"[[209.4559, 3.084841], [209.5665, 0.0]]",[]
1500511403673,33486074,[],"[[211.9001, 7.963662], [211.91, 0.0]]"
1500511403841,33486075,"[[210.00000453, 0.570976], [210.00000451, 0.0]]",[]
1500511403850,33486076,"[[210.00000452, 0.0], [210.00000454, 2.958539]]",[]
1500511404043,33486077,"[[210.00000455, 0.570976], [210.00000453, 0.0]]",[]
1500511404062,33486078,"[[210.00000456, 2.958539], [210.00000454, 0.0]]",[]
1500511404244,33486079,"[[210.00000457, 0.570976], [210.00000455, 0.0]]",[]
1500511404252,33486080,"[[210.00000456, 0.0], [210.00000458, 2.958539]]",[]
1500511404465,33486081,"[[210.00000459, 0.570976], [210.00000457, 0.0]]",[]
1500511404479,33486082,"[[210.0000046, 2.958539], [210.00000458, 0.0]]",[]
1500511404668,33486083,"[[210.00000461, 0.570976], [210.00000459, 0.0]]",[]
1500511404681,33486084,"[[210.00000462, 2.958539], [210.0000046, 0.0]]",[]
1500511404852,33486085,"[[209.4659, 3.053992], [209.4559, 0.0]]",[]
1500511404852,33486086,[],"[[211.8902, 7.884025], [211.9001, 0.0]]"
1500511404884,33486087,"[[210.00000463, 0.570976], [210.00000461, 0.0]]",[]
1500511404892,33486088,"[[210.00000464, 2.958539], [210.00000462, 0.0]]",[]
1500511405087,33486089,"[[210.00000465, 0.570976], [210.00000463, 0.0]]",[]
1500511405094,33486090,"[[210.00000466, 2.958539], [210.00000464, 0.0]]",[]
1500511405289,33486091,"[[210.00000465, 0.0], [210.00000467, 0.570976]]",[]
1500511405295,33486092,"[[210.00000466, 0.0], [210.00000468, 2.958539]]",[]
1500511406231,33486093,"[[210.00000469, 0.570976], [210.00000467, 0.0]]",[]
1500511406239,33486094,"[[210.0000047, 2.958539], [210.00000468, 0.0]]",[]
1500511406371,33486095,[],"[[212.31933012, 0.0], [212.15022636, 117.022544]]"
1500511406413,33486096,"[[209.4659, 0.0], [209.4758, 3.023452]]",[]
1500511406413,33486097,[],"[[211.8803, 7.805184], [211.8902, 0.0]]"
1500511406641,33486098,"[[192.27, 1.5679]]",[]
1500511407274,33486099,"[[210.00000471, 0.570976], [210.00000469, 0.0]]",[]
1500511407283,33486100,"[[210.00000472, 2.958539], [210.0000047, 0.0]]",[]
1500511408003,33486101,[],"[[226.64, 130.4], [225.22, 0.0]]"
1500511408180,33486102,"[[209.4758, 0.0], [209.4857, 2.993217]]",[]
1500511408181,33486103,[],"[[211.8803, 0.0], [211.8704, 7.727132]]"
1500511408314,33486104,"[[210.00000471, 0.0], [210.00000473, 0.570976]]",[]
1500511408322,33486105,"[[210.00000474, 2.958539], [210.00000472, 0.0]]",[]
1500511409256,33486106,"[[210.00000473, 0.0], [210.00000475, 0.570976]]",[]
1500511409272,33486107,"[[210.00000476, 2.958539], [210.00000474, 0.0]]",[]
1500511409320,33486108,[],"[[210.578, 39.424118], [210.57799999, 0.0]]"
1500511409427,33486109,"[[209.4957, 2.963284], [209.4857, 0.0]]",[]
1500511409427,33486110,[],"[[211.8605, 7.64986], [211.8704, 0.0]]"
1500511409435,33486111,[],"[[210.57799999, 3.122532]]"
1500511410295,33486112,"[[210.00000477, 0.570976], [210.00000475, 0.0]]",[]
1500511410302,33486113,"[[210.00000478, 2.958539], [210.00000476, 0.0]]",[]
1500511410536,33486114,"[[209.44598825, 0.0], [209.03206333, 5.474207]]",[]
1500511410706,33486115,"[[209.5056, 2.933651], [209.4957, 0.0]]",[]
1500511410707,33486116,[],"[[211.8605, 0.0], [211.8506, 7.573361]]"
1500511410969,33486117,"[[209.05640726, 243.646661], [209.24464014, 0.0]]",[]
1500511410990,33486118,"[[210.0000041, 0.0]]",[]
1500511411030,33486119,"[[209.24784014, 0.0]]",[]
1500511411096,33486120,"[[209.06420726, 50.89735]]",[]
1500511411242,33486121,"[[210.00000479, 0.570976], [210.00000477, 0.0]]",[]
1500511411256,33486122,"[[210.0000048, 2.958539], [210.00000478, 0.0]]",[]
1500511411358,33486123,"[[208.94918186, 0.0], [208.1915269, 9.974707]]",[]
1500511411692,33486124,[],"[[225.23, 0.0], [227.12, 106.83]]"
1500511411729,33486125,"[[208.3000001, 3.146154]]",[]
1500511411779,33486126,[],"[[212.40354838, 88.669005], [212.74768528, 0.0]]"
1500511411835,33486127,"[[209.5155, 2.904314], [209.5056, 0.0]]",[]
1500511411835,33486128,[],"[[211.8407, 7.497627], [211.8506, 0.0]]"
1500511412063,33486129,"[[210.00000676, 0.8]]",[]
1500511412081,33486130,[],"[[212.42828495, 101.345278], [212.61955385, 0.0]]"
1500511412104,33486131,"[[210.00000677, 2.958539], [210.0000048, 0.0]]",[]
1500511412279,33486132,"[[210.00000678, 0.570976], [210.00000479, 0.0]]",[]
1500511412353,33486133,"[[210.00000679, 2.958539], [210.00000677, 0.0]]",[]
1500511412396,33486134,[],"[[211.54945491, 117.022544], [212.15022636, 0.0]]"
1500511412895,33486135,[],"[[211.91999998, 3.223681], [212.40354837, 4.901677]]"
1500511413070,33486136,"[[209.5254, 2.87527], [209.5155, 0.0]]",[]
1500511413070,33486137,[],"[[211.5395, 8.915159], [211.8407, 0.0]]"
1500511413322,33486138,"[[210.00000678, 0.0], [210.0000068, 0.570976]]",[]
1500511413330,33486139,"[[210.00000679, 0.0], [210.00000681, 2.958539]]",[]
1500511413556,33486140,[],"[[211.231, 0.25]]"
1500511414262,33486141,"[[210.0000068, 0.0], [210.00000682, 0.570976]]",[]
1500511414270,33486142,"[[210.00000683, 2.958539], [210.00000681, 0.0]]",[]
1500511414436,33486143,"[[209.5254, 0.0], [209.0742, 3.084841]]",[]
1500511414437,33486144,[],"[[211.5395, 0.0], [211.5296, 8.826007]]"
1500511415301,33486145,"[[210.00000684, 0.570976], [210.00000682, 0.0]]",[]
1500511415308,33486146,"[[210.00000683, 0.0], [210.00000685, 2.958539]]",[]
1500511415850,33486147,"[[208.79749516, 9.945759], [208.1915269, 0.0]]",[]
1500511416059,33486148,"[[209.0841, 3.053992], [209.0742, 0.0]]",[]
1500511416059,33486149,[],"[[211.5296, 0.0], [211.5197, 8.737746]]"
1500511416341,33486150,"[[210.00000684, 0.0], [210.00000686, 0.570976]]",[]
1500511416350,33486151,"[[210.00000685, 0.0], [210.00000687, 2.940993]]",[]
1500511416394,33486152,[],"[[212.16519685, 117.022544], [211.54945491, 0.0]]"
1500511417108,33486153,[],"[[225.24, 192.67], [226.63, 46.89]]"
1500511417264,33486154,"[[210.00000686, 0.0], [210.00000688, 0.570976]]",[]
1500511417283,33486155,"[[209.0841, 0.0], [209.094, 3.023452]]",[]
1500511417283,33486156,[],"[[211.5197, 0.0], [211.5098, 8.650368]]"
1500511417284,33486157,"[[210.00000687, 0.0], [210.00000689, 2.940993]]",[]
1500511418313,33486158,"[[210.0000069, 0.570976], [210.00000688, 0.0]]",[]
1500511418323,33486159,"[[210.00000689, 0.0], [210.00000691, 2.940993]]",[]
1500511418485,33486160,"[[209.094, 0.0], [209.1039, 2.993217]]",[]
1500511418486,33486161,[],"[[211.5098, 0.0], [211.4999, 8.563864]]"
1500511418853,33486162,[],"[[211.78119999, 0.0], [211.91999998, 5.218058]]"
1500511419246,33486163,"[[210.0000069, 0.0], [210.00000692, 0.570976]]",[]
1500511419257,33486164,"[[210.00000691, 0.0], [210.00000693, 2.940993]]",[]
1500511419561,33486165,"[[209.03206333, 0.0], [208.83739286, 5.47931]]",[]
1500511419830,33486166,"[[209.1139, 2.963284], [209.1039, 0.0]]",[]
1500511419831,33486167,[],"[[211.4999, 0.0], [211.49, 8.478225]]"
1500511420287,33486168,"[[210.00000692, 0.0], [210.00000694, 0.570976]]",[]
1500511420296,33486169,"[[210.00000693, 0.0], [210.00000695, 2.940993]]",[]
1500511421097,33486170,[],"[[212.40354838, 0.0], [212.20573807, 88.669005]]"
1500511421246,33486171,"[[210.00000696, 0.570976], [210.00000694, 0.0]]",[]
1500511421270,33486172,"[[210.00000697, 2.940993], [210.00000695, 0.0]]",[]
1500511421274,33486173,"[[209.1238, 2.933651], [209.1139, 0.0]]",[]
1500511421274,33486174,[],"[[211.49, 0.0], [211.4801, 8.393442]]"
1500511421504,33486175,"[[209.06420726, 0.0]]",[]
1500511421646,33486176,"[[209.05970726, 50.89735]]",[]
1500511422274,33486177,"[[210.00000696, 0.0], [210.00000698, 0.570976]]",[]
1500511422283,33486178,"[[210.00000699, 2.940993], [210.00000697, 0.0]]",[]
1500511422464,33486179,"[[209.1238, 0.0], [209.1337, 2.904314]]",[]
1500511422464,33486180,[],"[[211.4702, 8.309507], [211.4801, 0.0]]"
1500511423316,33486181,"[[210.00000698, 0.0], [210.000007, 0.570976]]",[]
1500511423324,33486182,"[[210.00000699, 0.0], [210.00000701, 2.940993]]",[]
1500511423768,33486183,"[[210.00000676, 0.0]]",[]
1500511423942,33486184,"[[209.1337, 0.0], [209.1436, 2.87527]]",[]
1500511423942,33486185,[],"[[211.4603, 8.226411], [211.4702, 0.0]]"
1500511423998,33486186,[],"[[225.24, 99.7], [226.68, 94.47]]"
1500511424258,33486187,"[[210.00000702, 0.570976], [210.000007, 0.0]]",[]
1500511424266,33486188,"[[210.00000701, 0.0], [210.00000703, 2.940993]]",[]
1500511424799,33486189,"[[210.00000899, 0.8]]",[]
1500511424807,33486190,"[[210.00000703, 0.0], [210.000009, 2.940993]]",[]
1500511425306,33486191,"[[210.00000702, 0.0], [210.00000901, 0.570976]]",[]
1500511425318,33486192,"[[210.000009, 0.0], [210.00000902, 2.940993]]",[]
1500511425477,33486193,"[[209.0697, 3.084841], [209.1436, 0.0]]",[]
1500511425477,33486194,[],"[[211.4504, 8.144146], [211.4603, 0.0]]"
1500511426339,33486195,"[[210.00000901, 0.0], [210.00000903, 0.570976]]",[]
1500511426348,33486196,"[[210.00000904, 2.940993], [210.00000902, 0.0]]",[]
1500511427281,33486197,"[[210.00000903, 0.0], [210.00000905, 0.570976]]",[]
1500511427288,33486198,"[[210.00000904, 0.0], [210.00000906, 2.940993]]",[]
1500511427452,33486199,"[[209.0697, 0.0], [209.0797, 3.053992]]",[]
1500511427453,33486200,[],"[[211.4504, 0.0], [211.4405, 8.062703]]"
1500511427719,33486201,"[[210.00000906, 2.213973]]",[]
1500511428083,33486202,[],"[[225.24, 0.0], [226.92, 100.94]]"
1500511428321,33486203,"[[210.00000905, 0.0], [210.00000907, 0.570976]]",[]
1500511428329,33486204,"[[210.00000908, 2.940993], [210.00000906, 0.0]]",[]
1500511429244,33486205,"[[210.00000909, 0.570976], [210.00000907, 0.0]]",[]
1500511429251,33486206,"[[210.00000908, 0.0], [210.0000091, 2.940993]]",[]
1500511429420,33486207,"[[209.0896, 3.023452], [209.0797, 0.0]]",[]
1500511429420,33486208,[],"[[211.4306, 7.982075], [211.4405, 0.0]]"
1500511430285,33486209,"[[210.00000909, 0.0], [210.00000911, 0.570976]]",[]
1500511430294,33486210,"[[210.0000091, 0.0], [210.00000912, 2.940993]]",[]
1500511431231,33486211,"[[210.00000913, 0.570976], [210.00000911, 0.0]]",[]
1500511431241,33486212,"[[210.00000914, 2.940993], [210.00000912, 0.0]]",[]
1500511431417,33486213,"[[209.0896, 0.0], [209.0995, 2.993217]]",[]
1500511431418,33486214,[],"[[211.4306, 0.0], [211.4207, 7.902254]]"
1500511431633,33486215,[],"[[225.25, 75.13], [226.65, 19.86]]"
1500511432020,33486216,"[[209.05970726, 0.0]]",[]
1500511432276,33486217,"[[210.00000915, 0.570976], [210.00000913, 0.0]]",[]
1500511432288,33486218,"[[210.00000914, 0.0], [210.00000916, 2.940993]]",[]
1500511432320,33486219,"[[209.1096, 50.89735]]",[]
1500511433229,33486220,[],"[[211.91999999, 0.0]]"
1500511433316,33486221,"[[210.00000915, 0.0], [210.00000917, 0.570976]]",[]
1500511433323,33486222,"[[210.00000918, 2.940993], [210.00000916, 0.0]]",[]
1500511433399,33486223,"[[209.1195, 3.084841], [209.0995, 0.0]]",[]
1500511433399,33486224,[],"[[211.4207, 0.0], [211.4108, 7.823231]]"
1500511433659,33486225,[],"[[211, 0.0]]"
1500511434056,33486226,[],"[[225.25, 0.0], [227.23, 76.23]]"
1500511434258,33486227,"[[210.00000917, 0.0], [210.00000919, 0.570976]]",[]
1500511434267,33486228,"[[210.00000918, 0.0], [210.0000092, 2.940993]]",[]
1500511435301,33486229,"[[210.00000921, 0.570976], [210.00000919, 0.0]]",[]
1500511435310,33486230,"[[210.0000092, 0.0], [210.00000922, 2.940993]]",[]
1500511435476,33486231,"[[209.1195, 0.0], [209.1294, 3.053992]]",[]
1500511435476,33486232,[],"[[211.4009, 7.744998], [211.4108, 0.0]]"
1500511436240,33486233,"[[210.00000921, 0.0], [210.00000923, 0.570976]]",[]
1500511436282,33486234,"[[210.00000924, 2.940993], [210.00000922, 0.0]]",[]
1500511436678,33486235,[],"[[211.91999998, 3.223681], [212.16519684, 1.994377]]"
1500511436851,33486236,"[[209.1294, 0.0], [209.1393, 3.023452]]",[]
1500511436851,33486237,[],"[[211.391, 7.667548], [211.4009, 0.0]]"
1500511436899,33486238,"[[210.00000899, 0.0]]",[]
1500511437281,33486239,"[[210.00000923, 0.0], [210.00000925, 0.570976]]",[]
1500511437290,33486240,"[[210.00000924, 0.0], [210.00000926, 2.940993]]",[]
1500511437995,33486241,"[[210.00001122, 0.8]]",[]
1500511438005,33486242,"[[210.00001123, 2.940993], [210.00000926, 0.0]]",[]
1500511438011,33486243,"[[208.85723702, 243.879007], [209.05640726, 0.0]]",[]
1500511438168,33486244,"[[209.1492, 2.993217], [209.1393, 0.0]]",[]
1500511438168,33486245,[],"[[211.3811, 7.590872], [211.391, 0.0]]"
1500511438322,33486246,"[[210.00001124, 0.570976], [210.00000925, 0.0]]",[]
1500511438353,33486247,"[[210.00001125, 2.940993], [210.00001123, 0.0]]",[]
1500511438537,33486248,"[[208.83739286, 0.0], [208.57141735, 5.486297]]",[]
1500511438689,33486249,[],"[[226.94, 98.27], [225.27, 60.55]]"
1500511439078,33486250,[],"[[212.22590229, 101.345278], [212.42828495, 0.0]]"
1500511439264,33486251,"[[210.00001126, 0.570976], [210.00001124, 0.0]]",[]
1500511439272,33486252,"[[210.00001127, 2.940993], [210.00001125, 0.0]]",[]
1500511439438,33486253,"[[209.1492, 0.0], [209.1592, 2.963284]]",[]
1500511439439,33486254,[],"[[211.3811, 0.0], [211.3712, 7.514963]]"
1500511439616,33486255,[],"[[212.20573807, 0.0], [211.93547263, 88.669005]]"
1500511440309,33486256,"[[210.00001128, 0.570976], [210.00001126, 0.0]]",[]
1500511440321,33486257,"[[210.00001129, 2.940993], [210.00001127, 0.0]]",[]
1500511440512,33486258,"[[208.79749516, 0.0], [208.4136647, 9.964075]]",[]
1500511440699,33486259,"[[209.1691, 2.933651], [209.1592, 0.0]]",[]
1500511440700,33486260,[],"[[211.3712, 0.0], [211.3613, 7.439813]]"
1500511441230,33486261,"[[210.0000113, 0.570976], [210.00001128, 0.0]]",[]
1500511441237,33486262,"[[210.00001131, 2.940993], [210.00001129, 0.0]]",[]
1500511441330,33486263,[],"[[211.77517558, 117.022544], [212.16519685, 0.0]]"
1500511442276,33486264,"[[210.00001132, 0.570976], [210.0000113, 0.0]]",[]
1500511442287,33486265,"[[210.00001133, 2.940993], [210.00001131, 0.0]]",[]
1500511442309,33486266,"[[209.179, 2.904314], [209.1691, 0.0]]",[]
1500511442310,33486267,[],"[[211.3514, 7.365414], [211.3613, 0.0]]"
1500511442387,33486268,"[[209.1096, 0.0]]",[]
1500511442799,33486269,"[[208.86623702, 50.89735]]",[]
1500511442800,33486270,[],"[[227.37, 61.41], [225.27, 0.0]]"
1500511443315,33486271,"[[210.00001132, 0.0], [210.00001134, 0.570976]]",[]
1500511443323,33486272,"[[210.00001135, 2.940993], [210.00001133, 0.0]]",[]
1500511443492,33486273,"[[209.1889, 2.87527], [209.179, 0.0]]",[]
1500511443493,33486274,[],"[[211.3415, 7.291759], [211.3514, 0.0]]"
1500511444378,33486275,"[[210.00001136, 0.570976], [210.00001134, 0.0]]",[]
1500511444379,33486276,"[[210.00001135, 0.0], [210.00001137, 2.940993]]",[]
1500511444981,33486277,"[[208.85723702, 0.0], [208.4932877, 244.304726]]",[]
1500511445152,33486278,"[[208.8762, 3.084841], [209.1889, 0.0]]",[]
1500511445152,33486279,[],"[[211.3316, 7.218841], [211.3415, 0.0]]"
1500511445296,33486280,"[[210.00001136, 0.0], [210.00001138, 0.570976]]",[]
1500511445306,33486281,"[[210.00001137, 0.0], [210.00001139, 2.940993]]",[]
1500511446048,33486282,[],"[[211.85608283, 101.345278], [212.22590229, 0.0]]"
1500511446238,33486283,"[[210.0000114, 0.570976], [210.00001138, 0.0]]",[]
1500511446247,33486284,"[[210.00001141, 3.077519], [210.00001139, 0.0]]",[]
1500511446410,33486285,"[[208.8762, 0.0], [208.8862, 3.053992]]",[]
1500511446410,33486286,[],"[[211.3316, 0.0], [211.3217, 7.146652]]"
1500511446983,33486287,[],"[[211.91999998, 0.0], [211.93547262, 3.223681]]"
1500511447279,33486288,"[[210.0000114, 0.0], [210.00001142, 0.570976]]",[]
1500511447296,33486289,"[[210.00001141, 0.0], [210.00001143, 3.077519]]",[]
1500511447852,33486290,"[[208.57141735, 0.0], [208.75056073, 5.481589]]",[]
1500511448035,33486291,"[[208.8961, 3.023452], [208.8862, 0.0]]",[]
1500511448035,33486292,[],"[[211.3118, 7.075185], [211.3217, 0.0]]"
1500511448326,33486293,"[[210.00001142, 0.0], [210.00001144, 0.570976]]",[]
1500511448340,33486294,"[[210.00001143, 0.0], [210.00001145, 3.077519]]",[]
1500511448548,33486295,[],"[[211.85608283, 0.0], [212.02597933, 101.345278]]"
1500511448798,33486296,[],"[[226.99, 70.06], [225.32, 0.0]]"
1500511448811,33486297,[],"[[211.93547263, 0.0], [212.11750542, 88.669005]]"
1500511449255,33486298,"[[210.00001144, 0.0], [210.00001146, 0.570976]]",[]
1500511449264,33486299,"[[210.00001147, 3.077519], [210.00001145, 0.0]]",[]
1500511449350,33486300,[],"[[212.40354837, 0.0], [213.25659999, 4.901677]]"
1500511449370,33486301,[],"[[211.76437558, 1.10264]]"
1500511449432,33486302,"[[208.8961, 0.0], [208.906, 2.993217]]",[]
1500511449433,33486303,[],"[[211.3118, 0.0], [211.3019, 7.004433]]"
1500511450297,33486304,"[[210.00001146, 0.0], [210.00001148, 0.570976]]",[]
1500511450304,33486305,"[[210.00001147, 0.0], [210.00001149, 3.077519]]",[]
1500511450593,33486306,[],"[[211.76437558, 0.0]]"
1500511450777,33486307,"[[208.9159, 2.963284], [208.906, 0.0]]",[]
1500511450778,33486308,[],"[[211.3019, 0.0], [211.292, 6.934388]]"
1500511451128,33486309,"[[210.00001122, 0.0]]",[]
1500511451330,33486310,"[[208.86372324, 9.942605], [208.4136647, 0.0]]",[]
1500511451341,33486311,"[[210.00001148, 0.0], [210.0000115, 0.570976]]",[]
1500511451349,33486312,"[[210.00001149, 0.0], [210.00001151, 3.077519]]",[]
1500511451528,33486313,"[[208.75056073, 0.0], [208.97145143, 5.475794]]",[]
1500511452105,33486314,[],"[[210.57799799, 0.8]]"
1500511452114,33486315,[],"[[210.57799798, 2.969269], [210.57799999, 0.0]]"
1500511452278,33486316,"[[208.9159, 0.0], [208.9814, 3.084841]]",[]
1500511452279,33486317,[],"[[211.2821, 6.865044], [211.292, 0.0]]"
1500511452283,33486318,"[[210.0000115, 0.0], [210.00001152, 0.570976]]",[]
1500511452292,33486319,"[[210.00001153, 3.077519], [210.00001151, 0.0]]",[]
1500511452370,33486320,[],"[[211.77517558, 0.0], [212.23249313, 117.022544]]"
1500511452712,33486321,[],"[[212.11750542, 0.0], [212.34195887, 88.669005]]"
1500511452790,33486322,"[[208.86623702, 0.0]]",[]
1500511453054,33486323,"[[209.0089, 24.89735]]",[]
1500511453155,33486324,"[[208.5002877, 26.0]]",[]
1500511453324,33486325,"[[210.00001154, 0.570976], [210.00001152, 0.0]]",[]
1500511453332,33486326,"[[210.00001155, 3.077519], [210.00001153, 0.0]]",[]
1500511453497,33486327,"[[209.0189, 3.084841], [208.9814, 0.0]]",[]
1500511453498,33486328,[],"[[211.2821, 0.0], [211.2722, 6.796393]]"
1500511453674,33486329,"[[210.00001155, 1.132619]]",[]
1500511453683,33486330,"[[209.01890001, 3.077519], [210.00001155, 0.0]]",[]
1500511453694,33486331,"[[210.00001155, 2.654638], [209.01890001, 0.0]]",[]
1500511454008,33486332,[],"[[212.02597932, 1.994377], [212.16519684, 0.0]]"
1500511454247,33486333,"[[210.00001156, 0.570976], [210.00001154, 0.0]]",[]
1500511454255,33486334,"[[210.00001157, 2.654638], [210.00001155, 0.0]]",[]
1500511455035,33486335,[],"[[225.36, 0.0], [227.13, 45.28]]"
1500511455226,33486336,"[[209.0189, 0.0], [209.0288, 3.053992]]",[]
1500511455227,33486337,[],"[[211.2722, 0.0], [211.2623, 6.728429]]"
1500511455289,33486338,"[[210.00001158, 0.570976], [210.00001156, 0.0]]",[]
1500511455298,33486339,"[[210.00001157, 0.0], [210.00001159, 2.654638]]",[]
1500511455741,33486340,"[[208.86372324, 0.0], [208.5181982, 9.95908]]",[]
1500511456330,33486341,"[[210.0000116, 0.570976], [210.00001158, 0.0]]",[]
1500511456338,33486342,"[[210.00001159, 0.0], [210.00001161, 2.654638]]",[]
1500511456405,33486343,[],"[[212.23249313, 0.0], [211.88139511, 117.022544]]"
1500511456504,33486344,"[[209.0387, 3.023452], [209.0288, 0.0]]",[]
1500511456505,33486345,[],"[[211.2623, 0.0], [211.2524, 6.661144]]"
1500511457272,33486346,"[[210.0000116, 0.0], [210.00001162, 0.570976]]",[]
1500511457281,33486347,"[[210.00001161, 0.0], [210.00001163, 2.654638]]",[]
1500511458044,33486348,"[[208.93541318, 243.787756], [208.4932877, 0.0]]",[]
1500511458216,33486349,"[[209.0387, 0.0], [209.0486, 2.993217]]",[]
1500511458216,33486350,[],"[[211.2524, 0.0], [211.2425, 6.594532]]"
1500511458314,33486351,"[[210.00001162, 0.0], [210.00001164, 0.570976]]",[]
1500511458322,33486352,"[[210.00001165, 2.654638], [210.00001163, 0.0]]",[]
1500511458591,33486353,"[[208.97145143, 0.0], [209.19226191, 5.470015]]",[]
1500511458968,33486354,[],"[[212.02597933, 0.0], [212.30533936, 101.345278]]"
1500511459255,33486355,"[[210.00001166, 0.570976], [210.00001164, 0.0]]",[]
1500511459262,33486356,"[[210.00001167, 2.654638], [210.00001165, 0.0]]",[]
1500511459426,33486357,"[[209.2022, 3.084841], [209.0486, 0.0]]",[]
1500511459427,33486358,[],"[[211.2326, 6.528586], [211.2425, 0.0]]"
1500511459527,33486359,[],"[[212.34195887, 0.0], [212.56633081, 88.669005]]"
1500511460296,33486360,"[[210.00001168, 0.570976], [210.00001166, 0.0]]",[]
1500511460305,33486361,"[[210.00001169, 2.654638], [210.00001167, 0.0]]",[]
1500511461097,33486362,[],"[[225.37, 0.0], [227.36, 49.7]]"
1500511461242,33486363,"[[210.00001168, 0.0], [210.0000117, 0.570976]]",[]
1500511461300,33486364,"[[210.00001171, 2.654638], [210.00001169, 0.0]]",[]
1500511461305,33486365,"[[209.2022, 0.0], [209.2121, 3.053992]]",[]
1500511461305,33486366,[],"[[211.2227, 6.4633], [211.2326, 0.0]]"
1500511461339,33486367,"[[209.31084905, 9.921366], [208.5181982, 0.0]]",[]
1500511462342,33486368,[],"[[212.68683065, 117.022544], [211.88139511, 0.0]]"
1500511462347,33486369,"[[210.0000117, 0.0], [210.00001172, 0.570976]]",[]
1500511462353,33486370,"[[210.00001173, 2.654638], [210.00001171, 0.0]]",[]
1500511462506,33486371,"[[209.2121, 0.0], [209.3208, 3.084841]]",[]
1500511462507,33486372,[],"[[211.2227, 0.0], [211.2128, 6.398667]]"
1500511463324,33486373,"[[210.00001174, 0.570976], [210.00001172, 0.0]]",[]
1500511463331,33486374,"[[210.00001173, 0.0], [210.00001175, 2.654638]]",[]
1500511463395,33486375,"[[209.0089, 0.0]]",[]
1500511463522,33486376,"[[208.5002877, 0.0]]",[]
1500511463591,33486377,"[[209.3306, 24.89735]]",[]
1500511463685,33486378,"[[208.94261318, 26.0]]",[]
1500511463701,33486379,"[[209.3208, 0.0], [209.3307, 3.053992]]",[]
1500511463701,33486380,[],"[[211.2029, 6.33468], [211.2128, 0.0]]"
1500511463706,33486381,[],"[[210.57799799, 0.0]]"
1500511464144,33486382,[],"[[212.30533935, 3.223681], [211.93547262, 0.0]]"
1500511464269,33486383,"[[210.00001174, 0.0], [210.00001176, 0.570976]]",[]
1500511464278,33486384,"[[210.00001175, 0.0], [210.00001177, 2.654638]]",[]
1500511464724,33486385,[],"[[210.57799598, 0.8]]"
1500511464743,33486386,[],"[[210.57799597, 2.969269], [210.57799798, 0.0]]"
1500511464902,33486387,"[[209.3307, 0.0], [209.3406, 3.023452]]",[]
1500511464902,33486388,[],"[[211.2029, 0.0], [211.193, 6.271333]]"
1500511465313,33486389,"[[210.00001176, 0.0], [210.00001178, 0.570976]]",[]
1500511465321,33486390,"[[210.00001179, 2.654638], [210.00001177, 0.0]]",[]
1500511465806,33486391,[],"[[230, 53.168478]]"
1500511466261,33486392,"[[210.0000118, 0.570976], [210.00001178, 0.0]]",[]
1500511466272,33486393,"[[210.00001179, 0.0], [210.00001181, 2.654638]]",[]
1500511466330,33486394,"[[209.032706, 9.934567], [209.31084905, 0.0]]",[]
1500511466443,33486395,"[[209.3505, 2.993217], [209.3406, 0.0]]",[]
1500511466443,33486396,[],"[[211.193, 0.0], [211.1831, 6.208619]]"
1500511466768,33486397,[],"[[225.4, 0.0], [227.61, 41.86]]"
1500511467280,33486398,"[[210.00001182, 0.570976], [210.0000118, 0.0]]",[]
1500511467289,33486399,"[[210.00001181, 0.0], [210.00001183, 2.654638]]",[]
1500511467398,33486400,[],"[[212.68683065, 0.0], [212.40420142, 117.022544]]"
1500511467528,33486401,"[[209.19226191, 0.0], [208.95254607, 5.47629]]",[]
1500511467725,33486402,"[[209.3505, 0.0], [209.3605, 2.963284]]",[]
1500511467726,33486403,[],"[[211.1831, 0.0], [211.1732, 6.146532]]"
1500511468327,33486404,"[[210.00001182, 0.0], [210.00001184, 0.570976]]",[]
1500511468352,33486405,"[[210.00001185, 2.654638], [210.00001183, 0.0]]",[]
1500511468353,33486406,"[[209.032706, 0.0], [209.22091192, 9.925631]]",[]
1500511468695,33486407,[],"[[212.56633081, 0.0], [212.32274859, 88.669005]]"
1500511468867,33486408,"[[209.3605, 0.0], [209.3704, 2.933651]]",[]
1500511468868,33486409,[],"[[211.1633, 6.085066], [211.1732, 0.0]]"
1500511469263,33486410,"[[210.00001184, 0.0], [210.00001186, 0.570976]]",[]
1500511469271,33486411,"[[210.00001185, 0.0], [210.00001187, 2.654638]]",[]
1500511470303,33486412,"[[210.00001186, 0.0], [210.00001188, 0.570976]]",[]
1500511470311,33486413,"[[210.00001189, 2.654638], [210.00001187, 0.0]]",[]
1500511470477,33486414,"[[209.3803, 2.904314], [209.3704, 0.0]]",[]
1500511470477,33486415,[],"[[211.1633, 0.0], [211.1534, 6.024215]]"
1500511471235,33486416,[],"[[212.30533935, 5.218058], [212.02597932, 0.0]]"
1500511471248,33486417,"[[210.0000119, 0.570976], [210.00001188, 0.0]]",[]
1500511471294,33486418,"[[210.00001189, 0.0], [210.00001191, 2.654638]]",[]
1500511471369,33486419,[],"[[212.40420142, 0.0], [212.64441305, 117.022544]]"
1500511471534,33486420,"[[208.95254607, 0.0], [209.13570746, 5.471494]]",[]
1500511471708,33486421,"[[209.3902, 2.87527], [209.3803, 0.0]]",[]
1500511471708,33486422,[],"[[211.1435, 5.963972], [211.1534, 0.0]]"
1500511472296,33486423,"[[210.00001192, 0.570976], [210.0000119, 0.0]]",[]
1500511472302,33486424,"[[210.00001191, 0.0], [210.00001193, 2.654638]]",[]
1500511472656,33486425,[],"[[212.32274859, 0.0], [212.4979969, 88.669005]]"
1500511472817,33486426,"[[209.3902, 0.0], [209.3405, 3.084841]]",[]
1500511472818,33486427,[],"[[211.1336, 5.904332], [211.1435, 0.0]]"
1500511472882,33486428,[],"[[225.46, 0.0], [227.55, 108.19]]"
1500511473205,33486429,[],"[[212.30533936, 0.0], [212.4765513, 101.345278]]"
1500511473239,33486430,"[[210.00001194, 0.570976], [210.00001192, 0.0]]",[]
1500511473248,33486431,"[[210.00001195, 2.654638], [210.00001193, 0.0]]",[]
1500511473420,33486432,"[[209.41480055, 9.916441], [209.22091192, 0.0]]",[]
1500511474308,33486433,"[[210.00001196, 0.570976], [210.00001194, 0.0]]",[]
1500511474316,33486434,"[[210.00001197, 2.654638], [210.00001195, 0.0]]",[]
1500511474405,33486435,"[[209.3306, 0.0]]",[]
1500511474471,33486436,"[[209.42220055, 24.89735]]",[]
1500511474491,33486437,"[[209.4248, 3.084841], [209.3405, 0.0]]",[]
1500511474492,33486438,[],"[[211.1336, 0.0], [211.1237, 5.845288]]"
1500511475323,33486439,"[[210.00001198, 0.570976], [210.00001196, 0.0]]",[]
1500511475331,33486440,"[[210.00001197, 0.0], [210.00001199, 2.654638]]",[]
1500511475818,33486441,"[[209.13570746, 0.0], [209.35716797, 5.465706]]",[]
1500511475993,33486442,"[[209.4248, 0.0], [209.4347, 3.053992]]",[]
1500511475993,33486443,[],"[[211.1237, 0.0], [211.1138, 5.786835]]"
1500511476347,33486444,"[[210.00001198, 0.0], [210.000012, 0.570976]]",[]
1500511476353,33486445,"[[210.00001201, 2.654638], [210.00001199, 0.0]]",[]
1500511476622,33486446,[],"[[212.4979969, 0.0], [212.73389665, 88.669005]]"
1500511477060,33486447,[],"[[210.57799598, 0.0]]"
1500511477200,33486448,"[[209.4347, 0.0], [209.4446, 3.023452]]",[]
1500511477200,33486449,[],"[[211.1039, 5.728966], [211.1138, 0.0]]"
1500511477303,33486450,"[[210.00001202, 0.570976], [210.000012, 0.0]]",[]
1500511477312,33486451,"[[210.00001201, 0.0], [210.00001203, 2.654638]]",[]
1500511478195,33486452,[],"[[210.57799397, 0.8]]"
1500511478223,33486453,[],"[[210.57799396, 3.114564], [210.57799597, 0.0]]"
1500511478345,33486454,"[[210.00001202, 0.0], [210.00001204, 0.570976]]",[]
1500511478353,33486455,"[[210.00001205, 2.654638], [210.00001203, 0.0]]",[]
1500511478371,33486456,"[[209.4546, 2.993217], [209.4446, 0.0]]",[]
1500511478372,33486457,[],"[[211.1039, 0.0], [211.094, 5.671676]]"
1500511478633,33486458,[],"[[227.17, 127.39], [225.49, 30.27]]"
1500511478660,33486459,[],"[[224.0634, 38.850418]]"
1500511479270,33486460,"[[210.00001204, 0.0], [210.00001206, 0.570976]]",[]
1500511479282,33486461,"[[210.00001205, 0.0], [210.00001207, 2.654638]]",[]
1500511480310,33486462,"[[210.00001208, 0.570976], [210.00001206, 0.0]]",[]
1500511480317,33486463,"[[210.00001209, 2.654638], [210.00001207, 0.0]]",[]
1500511480497,33486464,"[[209.4546, 0.0], [209.4645, 2.963284]]",[]
1500511480498,33486465,[],"[[211.0841, 5.614959], [211.094, 0.0]]"
1500511481255,33486466,"[[210.00001208, 0.0], [210.0000121, 0.570976]]",[]
1500511481263,33486467,"[[210.00001211, 2.654638], [210.00001209, 0.0]]",[]
1500511481283,33486468,[],"[[212.30533935, 1.994377], [212.47655129, 3.223681]]"
1500511482297,33486469,"[[210.00001212, 0.570976], [210.0000121, 0.0]]",[]
1500511482305,33486470,"[[210.00001213, 2.654638], [210.00001211, 0.0]]",[]
1500511482382,33486471,[],"[[227.65, 30.7], [225.49, 0.0]]"
1500511482481,33486472,"[[209.4645, 0.0], [209.4744, 2.933651]]",[]
1500511482481,33486473,[],"[[211.0742, 5.558809], [211.0841, 0.0]]"
1500511482890,33486474,[],"[[210.57799396, 80.63839]]"
1500511482900,33486475,[],"[[210.57799396, 77.523826], [210.57799395, 3.114564]]"
1500511483236,33486476,"[[210.00001212, 0.0], [210.00001214, 0.570976]]",[]
1500511483244,33486477,"[[210.00001215, 2.654638], [210.00001213, 0.0]]",[]
1500511483499,33486478,[],"[[210.56699395, 1.10264]]"
1500511483509,33486479,[],"[[210.56699394, 3.114564], [210.57799395, 0.0]]"
1500511483676,33486480,"[[209.4843, 2.904314], [209.4744, 0.0]]",[]
1500511483676,33486481,[],"[[211.0742, 0.0], [211.0643, 5.50322]]"
1500511484165,33486482,[],"[[213.25659999, 0.0], [212.47655129, 8.125358]]"
1500511484280,33486483,"[[210.00001216, 0.570976], [210.00001214, 0.0]]",[]
1500511484291,33486484,"[[210.00001217, 2.654638], [210.00001215, 0.0]]",[]
1500511485089,33486485,"[[209.14392293, 243.544708], [208.93541318, 0.0]]",[]
1500511485217,33486486,"[[208.94261318, 0.0]]",[]
1500511485263,33486487,"[[209.4942, 2.87527], [209.4843, 0.0]]",[]
1500511485263,33486488,[],"[[211.0643, 0.0], [211.0544, 5.448187]]"
1500511485322,33486489,"[[210.00001218, 0.570976], [210.00001216, 0.0]]",[]
1500511485330,33486490,"[[210.00001217, 0.0], [210.00001219, 2.654638]]",[]
1500511485496,33486491,"[[209.15512293, 26.0]]",[]
1500511486303,33486492,"[[210.0000122, 0.570976], [210.00001218, 0.0]]",[]
1500511486315,33486493,"[[210.00001221, 2.654638], [210.00001219, 0.0]]",[]
1500511486479,33486494,"[[209.4942, 0.0], [209.4322, 3.084841]]",[]
1500511486479,33486495,[],"[[211.0544, 0.0], [211.0445, 5.393705]]"
1500511486540,33486496,"[[209.42220055, 0.0]]",[]
1500511486629,33486497,"[[209.4417, 24.89735]]",[]
1500511486699,33486498,[],"[[210.56699395, 0.0]]"
1500511487305,33486499,"[[210.0000122, 0.0], [210.00001222, 0.570976]]",[]
1500511487318,33486500,"[[210.00001221, 0.0], [210.00001223, 2.654638]]",[]
1500511488225,33486501,[],"[[227.16, 148.93], [225.5, 7.0]]"
1500511488246,33486502,"[[210.00001224, 0.570976], [210.00001222, 0.0]]",[]
1500511488253,33486503,"[[210.00001223, 0.0], [210.00001225, 2.654638]]",[]
1500511488401,33486504,"[[209.4516, 3.084841], [209.4322, 0.0]]",[]
1500511488401,33486505,[],"[[211.0445, 0.0], [211.0346, 5.339767]]"
1500511488719,33486506,[],"[[212.30533935, 0.0], [212.47655129, 10.119735]]"
1500511489035,33486507,"[[209.14392293, 0.0], [208.91343829, 243.8134]]",[]
1500511489288,33486508,"[[210.00001224, 0.0], [210.00001226, 0.570976]]",[]
1500511489298,33486509,"[[210.00001225, 0.0], [210.00001227, 2.654638]]",[]
1500511489843,33486510,[],"[[225.51, 37.45], [227.97, 93.25]]"
1500511489943,33486511,"[[210.00001227, 0.754938]]",[]
1500511489952,33486512,"[[209.45160001, 2.654638], [210.00001227, 0.0]]",[]
1500511490017,33486513,"[[209.4516, 0.0], [209.4616, 3.053992]]",[]
1500511490017,33486514,[],"[[211.0346, 0.0], [211.0247, 5.286369]]"
1500511490025,33486515,"[[209.45160001, 0.0], [210.00001227, 0.754938]]",[]
1500511490333,33486516,"[[210.00001226, 0.0], [210.00001228, 0.570976]]",[]
1500511490345,33486517,"[[210.00001229, 0.754938], [210.00001227, 0.0]]",[]
1500511490493,33486518,[],"[[212.28301004, 101.345278], [212.4765513, 0.0]]"
1500511491250,33486519,"[[210.0000123, 0.570976], [210.00001228, 0.0]]",[]
1500511491258,33486520,"[[210.00001231, 0.754938], [210.00001229, 0.0]]",[]
1500511491260,33486521,[],"[[210.57799397, 0.0]]"
1500511491364,33486522,[],"[[225.51, 0.0], [228.12, 37.83]]"
1500511491423,33486523,"[[209.4616, 0.0], [209.4715, 3.023452]]",[]
1500511491423,33486524,[],"[[211.0148, 5.233505], [211.0247, 0.0]]"
1500511492264,33486525,[],"[[210.56699194, 0.8]]"
1500511492273,33486526,[],"[[210.56699193, 3.114564], [210.56699394, 0.0]]"
1500511492291,33486527,"[[210.0000123, 0.0], [210.00001232, 0.570976]]",[]
1500511492309,33486528,"[[210.00001233, 0.754938], [210.00001231, 0.0]]",[]
1500511493077,33486529,"[[209.1680342, 243.516634], [208.91343829, 0.0]]",[]
1500511493231,33486530,"[[210.00001232, 0.0], [210.00001234, 0.570976]]",[]
1500511493240,33486531,"[[210.00001233, 0.0], [210.00001235, 0.754938]]",[]
1500511493289,33486532,"[[209.4814, 2.993217], [209.4715, 0.0]]",[]
1500511493289,33486533,[],"[[211.0049, 5.181169], [211.0148, 0.0]]"
1500511493534,33486534,"[[209.05130134, 5.473703], [209.35716797, 0.0]]",[]
1500511493964,33486535,[],"[[212.28301004, 0.0], [212.54171234, 101.345278]]"
1500511494272,33486536,"[[210.00001234, 0.0], [210.00001236, 0.570976]]",[]
1500511494279,33486537,"[[210.00001237, 0.754938], [210.00001235, 0.0]]",[]
1500511494443,33486538,"[[209.4914, 2.963284], [209.4814, 0.0]]",[]
1500511494444,33486539,[],"[[210.995, 5.129357], [211.0049, 0.0]]"
1500511494569,33486540,[],"[[212.73389665, 0.0], [212.42309668, 88.669005]]"
1500511495316,33486541,"[[210.00001236, 0.0], [210.00001238, 0.570976]]",[]
1500511495383,33486542,"[[209.15512293, 0.0]]",[]
1500511495399,33486543,"[[210.00001239, 0.754938], [210.00001237, 0.0]]",[]
1500511495503,33486544,"[[209.1775342, 26.0]]",[]
1500511495573,33486545,"[[209.5013, 2.933651], [209.4914, 0.0]]",[]
1500511495574,33486546,[],"[[210.9851, 5.078063], [210.995, 0.0]]"
1500511496257,33486547,"[[210.00001238, 0.0], [210.0000124, 0.570976]]",[]
1500511496263,33486548,"[[210.00001241, 0.754938], [210.00001239, 0.0]]",[]
1500511497004,33486549,[],"[[225.52, 0.0], [227.25, 150.0]]"
1500511497013,33486550,"[[208.91250692, 243.814487], [209.1680342, 0.0]]",[]
1500511497177,33486551,"[[209.5013, 0.0], [209.5112, 2.904314]]",[]
1500511497177,33486552,[],"[[210.9851, 0.0], [210.9752, 5.027282]]"
1500511497299,33486553,"[[210.00001242, 0.570976], [210.0000124, 0.0]]",[]
1500511497306,33486554,"[[210.00001243, 0.754938], [210.00001241, 0.0]]",[]
1500511497854,33486555,"[[209.40755664, 5.464391], [209.05130134, 0.0]]",[]
1500511498243,33486556,[],"[[212.54171234, 0.0], [212.28206364, 101.345278]]"
1500511498290,33486557,"[[210.00001244, 0.570976], [210.00001242, 0.0]]",[]
1500511498317,33486558,"[[210.00001245, 0.754938], [210.00001243, 0.0]]",[]
1500511498435,33486559,"[[209.5112, 0.0], [209.5211, 2.87527]]",[]
1500511498435,33486560,[],"[[210.9653, 4.977009], [210.9752, 0.0]]"
1500511498772,33486561,[],"[[212.47655129, 6.896054], [212.28206363, 3.223681]]"
1500511499281,33486562,"[[210.00001246, 0.570976], [210.00001244, 0.0]]",[]
1500511499291,33486563,"[[210.00001247, 0.754938], [210.00001245, 0.0]]",[]
1500511499665,33486564,[],"[[212.42309668, 0.0], [212.08193507, 88.669005]]"
1500511499837,33486565,"[[209.4516, 3.084841], [209.5211, 0.0]]",[]
1500511499837,33486566,[],"[[210.9554, 4.927238], [210.9653, 0.0]]"
1500511500325,33486567,"[[210.00001248, 0.570976], [210.00001246, 0.0]]",[]
1500511500333,33486568,"[[210.00001247, 0.0], [210.00001249, 0.754938]]",[]
1500511500521,33486569,"[[209.4417, 0.0]]",[]
1500511501086,33486570,"[[209.4586, 24.89735]]",[]
1500511501259,33486571,"[[209.4516, 0.0], [209.4685, 3.084841]]",[]
1500511501260,33486572,[],"[[210.9455, 4.877965], [210.9554, 0.0]]"
1500511501265,33486573,"[[210.00001248, 0.0], [210.0000125, 0.570976]]",[]
1500511501272,33486574,"[[210.00001249, 0.0], [210.00001251, 0.754938]]",[]
1500511502080,33486575,"[[209.18023141, 243.502435], [208.91250692, 0.0]]",[]
1500511502307,33486576,"[[210.0000125, 0.0], [210.00001252, 0.570976]]",[]
1500511502325,33486577,"[[210.00001253, 0.754938], [210.00001251, 0.0]]",[]
1500511502480,33486578,"[[209.4784, 3.053992], [209.4685, 0.0]]",[]
1500511502481,33486579,[],"[[210.9455, 0.0], [210.9356, 4.829185]]"
1500511502497,33486580,"[[208.3000001, 0.0]]",[]
1500511502694,33486581,"[[209.40755664, 0.0], [208.71555499, 5.482508]]",[]
1500511502820,33486582,[],"[[227.69, 43.16], [225.6, 0.0]]"
1500511503027,33486583,[],"[[212.55410627, 101.345278], [212.28206364, 0.0]]"
1500511503231,33486584,"[[210.00001254, 0.570976], [210.00001252, 0.0]]",[]
1500511503239,33486585,"[[210.00001253, 0.0], [210.00001255, 0.754938]]",[]
1500511504208,33486586,[],"[[210.56699194, 0.0]]"
1500511504257,33486587,[],"[[225.7, 0.0], [228.61, 104.71]]"
1500511504274,33486588,"[[210.00001254, 0.0], [210.00001256, 0.570976]]",[]
1500511504282,33486589,"[[210.00001257, 0.754938], [210.00001255, 0.0]]",[]
1500511504380,33486590,"[[209.4784, 0.0], [209.4883, 3.023452]]",[]
1500511504381,33486591,[],"[[210.9356, 0.0], [210.9257, 4.780893]]"
1500511505019,33486592,"[[209.18023141, 0.0], [208.93022298, 243.793813]]",[]
1500511505252,33486593,[],"[[210.56698993, 0.8]]"
1500511505278,33486594,[],"[[210.56698992, 3.114564], [210.56699193, 0.0]]"
1500511505312,33486595,"[[210.00001256, 0.0], [210.00001258, 0.570976]]",[]
1500511505320,33486596,"[[210.00001259, 0.754938], [210.00001257, 0.0]]",[]
1500511505484,33486597,"[[209.4883, 0.0], [209.4983, 2.993217]]",[]
1500511505484,33486598,[],"[[210.9158, 4.733084], [210.9257, 0.0]]"
1500511505634,33486599,"[[209.1775342, 0.0]]",[]
1500511505727,33486600,"[[208.93902298, 26.0]]",[]
1500511505849,33486601,[],"[[212.47655129, 4.901677], [211.19999999, 1.994377]]"
1500511505937,33486602,"[[200, 0.4469]]",[]
1500511505989,33486603,[],"[[228.58, 144.19], [225.73, 0.0]]"
1500511506056,33486604,[],"[[210.56698992, 0.002281]]"
1500511506252,33486605,"[[210.00001258, 0.0], [210.0000126, 0.570976]]",[]
1500511506260,33486606,"[[210.00001259, 0.0], [210.00001261, 3.023502]]",[]
1500511506329,33486607,"[[209.41480055, 0.0], [208.78466227, 9.94637]]",[]
1500511506529,33486608,"[[209.07616708, 5.473052], [208.71555499, 0.0]]",[]
1500511506702,33486609,"[[209.4983, 0.0], [209.5082, 2.963284]]",[]
1500511506702,33486610,[],"[[210.9059, 4.685753], [210.9158, 0.0]]"
1500511507012,33486611,"[[208.93022298, 0.0], [208.65341363, 244.117241]]",[]
1500511507293,33486612,"[[210.0000126, 0.0], [210.00001262, 0.570976]]",[]
1500511507300,33486613,"[[210.00001261, 0.0], [210.00001263, 2.991409]]",[]
1500511507409,33486614,[],"[[212.15215698, 117.022544], [212.64441305, 0.0]]"
1500511507732,33486615,[],"[[212.44836349, 88.669005], [212.08193507, 0.0]]"
1500511507904,33486616,"[[209.5181, 2.933651], [209.5082, 0.0]]",[]
1500511507905,33486617,[],"[[210.896, 4.638895], [210.9059, 0.0]]"
1500511508094,33486618,[],"[[212.01879143, 101.345278], [212.55410627, 0.0]]"
1500511508231,33486619,"[[210.00001262, 0.0], [210.00001264, 0.570976]]",[]
1500511508240,33486620,"[[210.00001265, 2.991409], [210.00001263, 0.0]]",[]
1500511509278,33486621,"[[210.00001266, 0.570976], [210.00001264, 0.0]]",[]
1500511509287,33486622,"[[210.00001265, 0.0], [210.00001267, 2.991409]]",[]
1500511509368,33486623,[],"[[225.82, 0.0], [227.97, 215.09]]"
1500511509451,33486624,"[[209.5181, 0.0], [209.528, 2.904314]]",[]
1500511509452,33486625,[],"[[210.896, 0.0], [210.8861, 4.592506]]"
1500511510317,33486626,"[[210.00001268, 0.570976], [210.00001266, 0.0]]",[]
1500511510326,33486627,"[[210.00001269, 2.991409], [210.00001267, 0.0]]",[]
1500511510430,33486628,"[[209.10288254, 9.931233], [208.78466227, 0.0]]",[]
1500511510584,33486629,"[[209.07616708, 0.0], [209.25990223, 5.468246]]",[]
1500511510602,33486630,"[[209.528, 0.0], [209.5379, 2.87527]]",[]
1500511510603,33486631,[],"[[210.8762, 4.54658], [210.8861, 0.0]]"
1500511510648,33486632,"[[209.4586, 0.0]]",[]
1500511510742,33486633,"[[209.10788254, 24.89735]]",[]
1500511511084,33486634,"[[208.83289759, 243.907431], [208.65341363, 0.0]]",[]
1500511511260,33486635,"[[210.00001268, 0.0], [210.0000127, 0.570976]]",[]
1500511511271,33486636,"[[210.00001269, 0.0], [210.00001271, 2.991409]]",[]
1500511511333,33486637,[],"[[212.47550984, 117.022544], [212.15215698, 0.0]]"
1500511511528,33486638,[],"[[212.44836349, 0.0], [212.6350621, 88.669005]]"
1500511512346,33486639,"[[210.0000127, 0.0], [210.00001272, 0.570976]]",[]
1500511512368,33486640,"[[210.00001271, 0.0], [210.00001273, 2.991409]]",[]
1500511512518,33486641,"[[209.2699, 3.084841], [209.5379, 0.0]]",[]
1500511512519,33486642,[],"[[210.8663, 4.501114], [210.8762, 0.0]]"
1500511513109,33486643,[],"[[225.83, 0.0], [227.49, 71.65]]"
1500511513309,33486644,[],"[[212.01879143, 0.0], [212.20117029, 101.345278]]"
1500511513343,33486645,"[[210.00001274, 0.570976], [210.00001272, 0.0]]",[]
1500511513366,33486646,"[[210.00001273, 0.0], [210.00001275, 2.991409]]",[]
1500511514282,33486647,"[[210.00001274, 0.0], [210.00001276, 0.570976]]",[]
1500511514293,33486648,"[[210.00001275, 0.0], [210.00001277, 2.991409]]",[]
1500511514330,33486649,"[[209.10288254, 0.0], [208.77757863, 9.946707]]",[]
1500511514457,33486650,"[[209.2798, 3.053992], [209.2699, 0.0]]",[]
1500511514457,33486651,[],"[[210.8663, 0.0], [210.8564, 4.456102]]"
1500511514679,33486652,"[[170, 115.614146]]",[]
1500511515323,33486653,"[[210.00001276, 0.0], [210.00001278, 0.570976]]",[]
1500511515332,33486654,"[[210.00001279, 2.991409], [210.00001277, 0.0]]",[]
1500511516385,33486655,[],"[[212.47550984, 0.0], [212.14495909, 117.022544]]"
1500511516386,33486656,"[[209.2897, 3.023452], [209.2798, 0.0]]",[]
1500511516386,33486657,[],"[[210.8564, 0.0], [210.8465, 4.41154]]"
1500511516456,33486658,"[[210.0000128, 0.570976], [210.00001278, 0.0]]",[]
1500511516456,33486659,"[[210.00001281, 2.991409], [210.00001279, 0.0]]",[]
1500511516501,33486660,"[[208.93902298, 0.0]]",[]
1500511516503,33486661,[],"[[227.71, 109.37], [225.85, 0.0]]"
1500511516645,33486662,"[[209.3001, 24.89735]]",[]
1500511517060,33486663,[],"[[212.14495908, 3.223681], [212.28206363, 0.0]]"
1500511517289,33486664,"[[210.00001282, 0.570976], [210.0000128, 0.0]]",[]
1500511517297,33486665,"[[210.00001281, 0.0], [210.00001283, 2.991409]]",[]
1500511517479,33486666,[],"[[210.56218992, 1.10264]]"
1500511517490,33486667,[],"[[210.56218991, 2.930787], [210.56698992, 0.0]]"
1500511518111,33486668,[],"[[212.47655129, 0.0], [212.63506209, 4.901677]]"
1500511518232,33486669,"[[210.00001481, 0.8]]",[]
1500511518232,33486670,"[[210.00001283, 0.0], [210.00001482, 2.991409]]",[]
1500511518237,33486671,"[[210.00001282, 0.0], [210.00001284, 0.570976]]",[]
1500511518451,33486672,"[[208.77757863, 0.0], [209.10531898, 9.931117]]",[]
1500511518517,33486673,[],"[[210.56218992, 0.0]]"
1500511518573,33486674,"[[209.25990223, 0.0], [209.58642537, 5.459727]]",[]
1500511518658,33486675,"[[208.84129759, 1.10265]]",[]
1500511518715,33486676,[],"[[210.56698993, 0.0]]"
1500511518966,33486677,"[[209.01794379, 243.691497], [208.83289759, 0.0]]",[]
1500511519269,33486678,"[[210.00001483, 0.570976], [210.00001284, 0.0]]",[]
1500511519277,33486679,"[[210.00001484, 2.991409], [210.00001482, 0.0]]",[]
1500511519329,33486680,[],"[[212.47798558, 117.022544], [212.14495909, 0.0]]"
1500511519601,33486681,[],"[[212.6350621, 0.0], [212.96685175, 88.669005]]"
1500511520233,33486682,[],"[[225.98, 0.0], [227.71, 148.76]]"
1500511520234,33486683,[],"[[212.20117029, 0.0], [212.38920111, 101.345278]]"
1500511520326,33486684,"[[210.00001485, 0.570976], [210.00001483, 0.0]]",[]
1500511520328,33486685,"[[210.00001484, 0.0], [210.00001486, 2.991409]]",[]
1500511521252,33486686,"[[210.00001487, 0.570976], [210.00001485, 0.0]]",[]
1500511521305,33486687,"[[210.00001488, 2.991409], [210.00001486, 0.0]]",[]
1500511522321,33486688,"[[210.00001489, 0.570976], [210.00001487, 0.0]]",[]
1500511522339,33486689,"[[210.0000149, 2.991409], [210.00001488, 0.0]]",[]
1500511522578,33486690,"[[209.10531898, 0.0], [208.77567912, 9.946798]]",[]
1500511522790,33486691,"[[209.58642537, 0.0], [209.23396595, 5.468924]]",[]
1500511522791,33486692,"[[209.10788254, 0.0]]",[]
1500511523233,33486693,"[[210.00001491, 0.570976], [210.00001489, 0.0]]",[]
1500511523242,33486694,"[[210.00001492, 2.991409], [210.0000149, 0.0]]",[]
1500511523593,33486695,"[[209.02014379, 24.89735]]",[]
1500511523674,33486696,[],"[[212.96685175, 0.0], [212.66030419, 88.669005]]"
1500511523732,33486697,[],"[[225.99, 0.0], [227.84, 107.73]]"
1500511523733,33486698,[],"[[212.47798558, 0.0], [212.14302895, 117.022544]]"
1500511524281,33486699,"[[210.00001491, 0.0], [210.00001493, 0.570976]]",[]
1500511524301,33486700,"[[210.00001494, 2.991409], [210.00001492, 0.0]]",[]
1500511524352,33486701,[],"[[212.14302894, 1.994377], [211.19999999, 0.0]]"
1500511525318,33486702,"[[210.00001493, 0.0], [210.00001495, 0.570976]]",[]
1500511525332,33486703,"[[210.00001494, 0.0], [210.00001496, 2.991409]]",[]
1500511526261,33486704,"[[210.00001495, 0.0], [210.00001497, 0.570976]]",[]
1500511526270,33486705,"[[210.00001498, 2.991409], [210.00001496, 0.0]]",[]
1500511526586,33486706,"[[209.23396595, 0.0], [209.01376646, 5.474686]]",[]
1500511526675,33486707,"[[209.3001, 0.0]]",[]
1500511526741,33486708,"[[209.02194379, 24.89735]]",[]
1500511527304,33486709,"[[210.00001499, 0.570976], [210.00001497, 0.0]]",[]
1500511527311,33486710,"[[210.000015, 2.991409], [210.00001498, 0.0]]",[]
1500511527548,33486711,[],"[[212.66030419, 0.0], [212.3849564, 88.669005]]"
1500511527951,33486712,[],"[[228.08, 70.53], [226.02, 0.0]]"
1500511527965,33486713,[],"[[212.38920111, 0.0], [212.21956581, 101.345278]]"
1500511528345,33486714,"[[210.00001499, 0.0], [210.00001501, 0.570976]]",[]
1500511528355,33486715,"[[210.000015, 0.0], [210.00001502, 2.991409]]",[]
1500511529267,33486716,"[[210.00001501, 0.0], [210.00001503, 0.570976]]",[]
1500511529275,33486717,"[[210.00001504, 2.991409], [210.00001502, 0.0]]",[]
1500511529353,33486718,"[[208.84129759, 0.0]]",[]
1500511530094,33486719,[],"[[210.56218991, 2.651203]]"
1500511530317,33486720,"[[210.00001481, 0.0]]",[]
1500511530372,33486721,"[[210.00001503, 0.0], [210.00001505, 0.570976]]",[]
1500511530372,33486722,"[[210.00001504, 0.0], [210.00001506, 2.991409]]",[]
1500511531250,33486723,"[[210.00001507, 0.570976], [210.00001505, 0.0]]",[]
1500511531259,33486724,"[[210.00001506, 0.0], [210.00001508, 2.991409]]",[]
1500511531409,33486725,[],"[[227.6, 101.92], [226.14, 0.0]]"
1500511531562,33486726,[],"[[210.56218791, 0.8]]"
1500511531589,33486727,[],"[[210.56218991, 0.0], [210.5621879, 2.930787]]"
1500511532291,33486728,"[[210.00001507, 0.0], [210.00001509, 0.570976]]",[]
1500511532298,33486729,"[[210.0000151, 2.991409], [210.00001508, 0.0]]",[]
1500511533231,33486730,"[[210.00001511, 0.570976], [210.00001509, 0.0]]",[]
1500511533238,33486731,"[[210.0000151, 0.0], [210.00001512, 2.991409]]",[]
1500511534273,33486732,"[[210.00001511, 0.0], [210.00001513, 0.570976]]",[]
1500511534280,33486733,"[[210.00001512, 0.0], [210.00001514, 2.991409]]",[]
1500511534382,33486734,[],"[[212.14302894, 5.218058], [212.14495908, 0.0]]"
1500511535311,33486735,"[[210.00001515, 0.570976], [210.00001513, 0.0]]",[]
1500511535320,33486736,"[[210.00001514, 0.0], [210.00001516, 2.991409]]",[]
1500511535986,33486737,[],"[[226.18, 0.0], [228.04, 81.84]]"
1500511536250,33486738,"[[210.00001517, 0.570976], [210.00001515, 0.0]]",[]
1500511536260,33486739,"[[210.00001516, 0.0], [210.00001518, 2.991409]]",[]
1500511537292,33486740,"[[210.00001517, 0.0], [210.00001519, 0.570976]]",[]
1500511537300,33486741,"[[210.00001518, 0.0], [210.0000152, 3.073942]]",[]
1500511538334,33486742,"[[210.00001521, 0.570976], [210.00001519, 0.0]]",[]
1500511538343,33486743,"[[210.00001522, 3.073942], [210.0000152, 0.0]]",[]
1500511538965,33486744,"[[208.64159002, 244.131075], [209.01794379, 0.0]]",[]
1500511539053,33486745,"[[209.02014379, 0.0]]",[]
1500511539110,33486746,"[[209.02194379, 0.0]]",[]
1500511539209,33486747,"[[209.01766646, 4.0]]",[]
1500511539274,33486748,"[[210.00001521, 0.0], [210.00001523, 0.570976]]",[]
1500511539289,33486749,"[[210.00001522, 0.0], [210.00001524, 3.073942]]",[]
1500511539313,33486750,"[[208.78047912, 20.89735]]",[]
1500511539365,33486751,"[[209.4059236, 9.916861], [208.77567912, 0.0]]",[]
1500511539378,33486752,[],"[[227.39, 65.94], [226.21, 0.0]]"
1500511539395,33486753,"[[208.64419002, 26.0]]",[]
1500511539574,33486754,"[[209.01376646, 0.0], [209.457489, 5.463088]]",[]
1500511540325,33486755,"[[210.00001523, 0.0], [210.00001525, 0.570976]]",[]
1500511540345,33486756,"[[210.00001524, 0.0], [210.00001526, 3.073942]]",[]
1500511540346,33486757,[],"[[212.00677712, 101.345278], [212.21956581, 0.0]]"
1500511540758,33486758,[],"[[212.78343865, 117.022544], [212.14302895, 0.0]]"
1500511540758,33486759,[],"[[212.3849564, 0.0], [212.83583576, 88.669005]]"
1500511541243,33486760,"[[210.00001527, 0.570976], [210.00001525, 0.0]]",[]
1500511541251,33486761,"[[210.00001526, 0.0], [210.00001528, 3.073942]]",[]
1500511541606,33486762,[],"[[212.00677711, 1.994377], [212.14302894, 3.223681]]"
1500511542279,33486763,"[[210.00001527, 0.0], [210.00001529, 0.570976]]",[]
1500511542289,33486764,"[[210.0000153, 3.073942], [210.00001528, 0.0]]",[]
1500511543327,33486765,"[[210.00001529, 0.0], [210.00001531, 0.570976]]",[]
1500511543336,33486766,"[[210.00001532, 3.073942], [210.0000153, 0.0]]",[]
1500511543447,33486767,[],"[[227.4, 174.47], [226.23, 0.0]]"
1500511543514,33486768,"[[209.20760644, 9.926262], [209.4059236, 0.0]]",[]
1500511543953,33486769,"[[210.00001728, 0.8]]",[]
1500511543963,33486770,"[[210.00001532, 0.0], [210.00001729, 3.073942]]",[]
1500511544267,33486771,"[[210.00001531, 0.0], [210.0000173, 0.570976]]",[]
1500511544277,33486772,"[[210.00001729, 0.0], [210.00001731, 3.073942]]",[]
1500511544331,33486773,[],"[[212.58192283, 117.022544], [212.78343865, 0.0]]"
1500511544441,33486774,[],"[[210.56218791, 0.0]]"
1500511545011,33486775,[],"[[212.17694115, 101.345278], [212.00677712, 0.0]]"
1500511545307,33486776,"[[210.0000173, 0.0], [210.00001732, 0.570976]]",[]
1500511545316,33486777,"[[210.00001733, 3.073942], [210.00001731, 0.0]]",[]
1500511546248,33486778,"[[210.00001732, 0.0], [210.00001734, 0.570976]]",[]
1500511546258,33486779,"[[210.00001733, 0.0], [210.00001735, 3.073942]]",[]
1500511547292,33486780,"[[210.00001736, 0.570976], [210.00001734, 0.0]]",[]
1500511547299,33486781,"[[210.00001735, 0.0], [210.00001737, 3.073942]]",[]
1500511548230,33486782,"[[210.00001736, 0.0], [210.00001738, 0.570976]]",[]
1500511548238,33486783,"[[210.00001739, 3.073942], [210.00001737, 0.0]]",[]
1500511548521,33486784,[],"[[210.5536879, 1.10264]]"
1500511548521,33486785,"[[209.20760644, 0.0], [209.42632529, 9.915895]]",[]
1500511548521,33486786,[],"[[210.5621879, 0.0], [210.55368789, 2.913699]]"
1500511549057,33486787,"[[208.64159002, 0.0], [209.0080391, 243.703045]]",[]
1500511549157,33486788,[],"[[210.5536879, 0.0]]"
1500511549238,33486789,"[[208.64419002, 0.0]]",[]
1500511549269,33486790,"[[210.0000174, 0.570976], [210.00001738, 0.0]]",[]
1500511549279,33486791,"[[210.00001741, 3.073942], [210.00001739, 0.0]]",[]
1500511549311,33486792,"[[208.78047912, 0.0]]",[]
1500511549356,33486793,[],"[[212.80416941, 117.022544], [212.58192283, 0.0]]"
1500511549389,33486794,"[[209.465289, 24.89735]]",[]
1500511549456,33486795,"[[209.0156391, 22.0]]",[]
1500511549567,33486796,"[[209.457489, 0.0], [209.71884153, 5.45628]]",[]
1500511550304,33486797,[],"[[212.17694115, 0.0], [212.37913666, 101.345278]]"
1500511550317,33486798,"[[210.0000174, 0.0], [210.00001742, 0.570976]]",[]
1500511550323,33486799,"[[210.00001743, 3.073942], [210.00001741, 0.0]]",[]
1500511550427,33486800,[],"[[212.63506209, 0.0], [212.8041694, 4.901677]]"
1500511550624,33486801,[],"[[213.10140365, 88.669005], [212.83583576, 0.0]]"
1500511551257,33486802,"[[210.00001742, 0.0], [210.00001744, 0.570976]]",[]
1500511551257,33486803,[],"[[212.37913665, 3.223681], [212.14302894, 0.0]]"
1500511551268,33486804,"[[210.00001743, 0.0], [210.00001745, 3.073942]]",[]
1500511552292,33486805,"[[210.00001744, 0.0], [210.00001746, 0.570976]]",[]
1500511552298,33486806,"[[210.00001747, 3.073942], [210.00001745, 0.0]]",[]
1500511553334,33486807,"[[210.00001746, 0.0], [210.00001748, 0.570976]]",[]
1500511553342,33486808,"[[210.00001749, 3.073942], [210.00001747, 0.0]]",[]
1500511553436,33486809,"[[192, 44.0]]",[]
1500511554106,33486810,[],"[[220, 31.88623]]"
1500511554256,33486811,"[[210.0000175, 0.570976], [210.00001748, 0.0]]",[]
1500511554268,33486812,"[[210.00001751, 3.073942], [210.00001749, 0.0]]",[]
1500511555300,33486813,"[[210.00001752, 0.570976], [210.0000175, 0.0]]",[]
1500511555308,33486814,"[[210.00001751, 0.0], [210.00001753, 3.073942]]",[]
1500511555381,33486815,[],"[[210.54728789, 1.10264]]"
1500511555389,33486816,[],"[[210.54728788, 2.913699], [210.55368789, 0.0]]"
1500511556036,33486817,"[[210.00001728, 0.0]]",[]
1500511556075,33486818,"[[210.00001753, 1.174242]]",[]
1500511556086,33486819,"[[210.00001753, 0.0], [209.71884154, 3.073942]]",[]
1500511556135,33486820,[],"[[210.54728789, 0.0]]"
1500511556145,33486821,"[[209.71884154, 0.0], [210.00001753, 2.247105]]",[]
1500511556150,33486822,[],"[[210.57799395, 2.913699], [210.54728788, 0.0]]"
1500511556241,33486823,"[[210.00001752, 0.0], [210.00001754, 0.570976]]",[]
1500511556248,33486824,"[[210.00001753, 0.0], [210.00001755, 2.247105]]",[]
1500511557010,33486825,"[[210.00002, 0.8]]",[]
1500511557019,33486826,"[[210.00002001, 2.247105], [210.00001755, 0.0]]",[]
1500511557282,33486827,"[[210.00001754, 0.0], [210.00002002, 0.570976]]",[]
1500511557291,33486828,"[[210.00002003, 2.247105], [210.00002001, 0.0]]",[]
1500511558312,33486829,"[[209.2897, 0.0]]",[]
1500511558312,33486830,[],"[[210.8465, 0.0]]"
1500511558490,33486831,[],"[[212.00677711, 0.0], [212.37913665, 5.218058]]"
1500511558659,33486832,"[[209.7288, 3.084841]]",[]
1500511558659,33486833,[],"[[210.8366, 4.367424]]"
1500511559158,33486834,"[[209.0080391, 0.0], [209.28891498, 243.375984]]",[]
1500511559256,33486835,"[[210.00002004, 0.570976], [210.00002002, 0.0]]",[]
1500511559257,33486836,"[[210.00002003, 0.0], [210.00002005, 2.247105]]",[]
1500511559340,33486837,"[[209.01766646, 0.0]]",[]
1500511559465,33486838,"[[209.465289, 0.0]]",[]
1500511559539,33486839,"[[209.0156391, 0.0]]",[]
1500511559956,33486840,"[[209.7365, 24.89735]]",[]
1500511560134,33486841,"[[209.7288, 0.0], [209.7465, 3.084841]]",[]
1500511560134,33486842,[],"[[210.8366, 0.0], [210.8267, 4.323749]]"
1500511560646,33486843,"[[209.30021498, 26.0]]",[]
1500511560654,33486844,[],"[[212.6645428, 101.345278], [212.37913666, 0.0]]"
1500511560658,33486845,"[[209.42632529, 0.0], [209.25424338, 9.92405]]",[]
1500511561151,33486846,"[[210.00002006, 0.570976], [210.00002004, 0.0]]",[]
1500511561158,33486847,"[[210.00002005, 0.0], [210.00002007, 2.247105]]",[]
1500511561208,33486848,[],"[[226.31, 0.0], [227.96, 67.01]]"
1500511561326,33486849,"[[209.7465, 0.0], [209.7565, 3.053992]]",[]
1500511561327,33486850,[],"[[210.8168, 4.280511], [210.8267, 0.0]]"
1500511561584,33486851,[],"[[212.80416941, 0.0], [212.62931198, 117.022544]]"
1500511562290,33486852,"[[210.00002006, 0.0], [210.00002008, 0.570976]]",[]
1500511562299,33486853,"[[210.00002009, 2.247105], [210.00002007, 0.0]]",[]
1500511562482,33486854,"[[209.7565, 0.0], [209.7664, 3.023452]]",[]
1500511562483,33486855,[],"[[210.8069, 4.237705], [210.8168, 0.0]]"
1500511564158,33486856,"[[210.00002008, 0.0], [210.0000201, 0.570976]]",[]
1500511564172,33486857,"[[210.00002009, 0.0], [210.00002011, 2.247105]]",[]
1500511564330,33486858,"[[209.7664, 0.0], [209.7764, 2.993217]]",[]
1500511564330,33486859,[],"[[210.797, 4.195327], [210.8069, 0.0]]"
1500511564430,33486860,"[[209.44368405, 9.915073], [209.25424338, 0.0]]",[]
1500511565385,33486861,[],"[[212.62931198, 0.0], [212.82180814, 117.022544]]"
1500511565556,33486862,"[[209.7863, 2.963284], [209.7764, 0.0]]",[]
1500511565557,33486863,[],"[[210.797, 0.0], [212.3692, 5.165877]]"
1500511566137,33486864,"[[210.00002012, 0.570976], [210.0000201, 0.0]]",[]
1500511566153,33486865,"[[210.00002013, 2.247105], [210.00002011, 0.0]]",[]
1500511567282,33486866,"[[210.00002014, 0.570976], [210.00002012, 0.0]]",[]
1500511567289,33486867,"[[210.00002015, 2.247105], [210.00002013, 0.0]]",[]
1500511567317,33486868,[],"[[228.32, 69.51], [226.36, 0.0]]"
1500511567465,33486869,"[[209.7465, 3.084841], [209.7863, 0.0]]",[]
1500511567466,33486870,[],"[[212.3692, 0.0], [212.3593, 5.114218]]"
1500511568278,33486871,"[[209.28891498, 0.0], [209.46488, 243.171531]]",[]
1500511568323,33486872,"[[210.00002014, 0.0], [210.00002016, 0.570976]]",[]
1500511568332,33486873,"[[210.00002015, 0.0], [210.00002017, 2.247105]]",[]
1500511568885,33486874,"[[210.00002, 0.0]]",[]
1500511568966,33486875,[],"[[212.84334597, 101.345278], [212.6645428, 0.0]]"
1500511569058,33486876,"[[209.7465, 0.0], [209.7565, 3.053992]]",[]
1500511569058,33486877,[],"[[212.3593, 0.0], [212.3494, 5.063075]]"
1500511570011,33486878,"[[210.00003, 0.8]]",[]
1500511570042,33486879,"[[210.00002017, 0.0], [210.00003001, 2.247105]]",[]
1500511570117,33486880,"[[209.7365, 0.0]]",[]
1500511570184,33486881,"[[209.7565, 0.0], [209.7664, 3.023452]]",[]
1500511570184,33486882,[],"[[212.3494, 0.0], [212.3395, 5.012444]]"
1500511570210,33486883,"[[210.00002016, 0.0], [210.00003002, 0.570976]]",[]
1500511570218,33486884,"[[210.00003003, 2.247105], [210.00003001, 0.0]]",[]
1500511570326,33486885,"[[209.30021498, 0.0]]",[]
1500511570584,33486886,[],"[[212.37913665, 1.994377], [212.34939999, 3.223681]]"
1500511570641,33486887,"[[209.7732, 24.89735]]",[]
1500511570642,33486888,"[[209.63545897, 9.906003], [209.44368405, 0.0]]",[]
1500511570642,33486889,"[[209.71884153, 0.0], [209.92218409, 5.450995]]",[]
1500511570758,33486890,"[[209.47038, 26.0]]",[]
1500511571338,33486891,[],"[[212.82180814, 0.0], [213.01667621, 117.022544]]"
1500511571509,33486892,"[[209.7664, 0.0], [209.7832, 3.084841]]",[]
1500511571509,33486893,[],"[[212.3296, 4.962319], [212.3395, 0.0]]"
1500511571577,33486894,[],"[[213.10140365, 0.0], [213.30802593, 88.669005]]"
1500511572192,33486895,"[[210.00003002, 0.0], [210.00003004, 0.570976]]",[]
1500511572201,33486896,"[[210.00003005, 2.247105], [210.00003003, 0.0]]",[]
1500511573233,33486897,"[[210.00003004, 0.0], [210.00003006, 0.570976]]",[]
1500511573242,33486898,"[[210.00003007, 2.247105], [210.00003005, 0.0]]",[]
1500511573386,33486899,[],"[[226.5, 0.0], [228.42, 77.82]]"
1500511573407,33486900,[],"[[212.3296, 0.0], [212.3197, 4.912695]]"
1500511574364,33486901,"[[209.63545897, 0.0], [210.11738313, 9.883283]]",[]
1500511574375,33486902,"[[210.00003007, 0.0], [210.11738314, 2.247105]]",[]
1500511574533,33486903,[],"[[212.3197, 0.0], [212.3098, 4.863568]]"
1500511575215,33486904,"[[210.00003006, 0.0], [210.11738315, 0.570976]]",[]
1500511575224,33486905,"[[210.11738314, 0.0], [210.11738316, 2.247105]]",[]
1500511575404,33486906,[],"[[213.50637335, 117.022544], [213.01667621, 0.0]]"
1500511575584,33486907,"[[209.66552583, 5.457667], [209.92218409, 0.0]]",[]
1500511575755,33486908,[],"[[212.2999, 4.814932], [212.3098, 0.0]]"
1500511576002,33486909,"[[209.68447782, 242.916863], [209.46488, 0.0]]",[]
1500511576255,33486910,"[[210.11738315, 0.0], [210.11738317, 0.570976]]",[]
1500511576264,33486911,"[[210.11738318, 2.247105], [210.11738316, 0.0]]",[]
1500511576567,33486912,[],"[[213.04722802, 88.669005], [213.30802593, 0.0]]"
1500511577119,33486913,[],"[[213.06648569, 101.345278], [212.84334597, 0.0]]"
1500511577294,33486914,[],"[[212.2999, 0.0], [212.29, 4.766782]]"
1500511577459,33486915,[],"[[228.22, 123.86], [226.51, 46.24]]"
1500511577753,33486916,[],"[[212.37913665, 0.0], [212.28999999, 1.994377]]"
1500511578218,33486917,"[[210.11738317, 0.0], [210.11738319, 0.570976]]",[]
1500511578226,33486918,"[[210.11738318, 0.0], [210.1173832, 2.247105]]",[]
1500511578394,33486919,"[[209.63781373, 9.905892], [210.11738313, 0.0]]",[]
1500511578394,33486920,[],"[[212.29, 0.0], [212.2801, 4.719114]]"
1500511579363,33486921,[],"[[213.50637335, 0.0], [213.01906895, 117.022544]]"
1500511579532,33486922,[],"[[212.2801, 0.0], [212.2702, 4.671922]]"
1500511579846,33486923,"[[203, 1.0]]",[]
1500511580205,33486924,"[[210.11738321, 0.570976], [210.11738319, 0.0]]",[]
1500511580212,33486925,"[[210.11738322, 2.247105], [210.1173832, 0.0]]",[]
1500511581245,33486926,"[[210.11738321, 0.0], [210.11738323, 0.570976]]",[]
1500511581253,33486927,"[[210.11738322, 0.0], [210.11738324, 2.247105]]",[]
1500511581340,33486928,[],"[[213.01906894, 4.901677], [212.8041694, 0.0]]"
1500511581340,33486929,"[[209.7732, 0.0]]",[]
1500511581413,33486930,[],"[[212.2702, 0.0], [212.2603, 4.625202]]"
1500511581418,33486931,"[[209.47038, 0.0]]",[]
1500511581483,33486932,"[[209.68697782, 50.89735]]",[]
1500511581509,33486933,"[[209.6944, 3.084841], [209.7832, 0.0]]",[]
1500511582288,33486934,"[[210.11738325, 0.570976], [210.11738323, 0.0]]",[]
1500511582296,33486935,"[[210.11738324, 0.0], [210.11738326, 2.247105]]",[]
1500511582384,33486936,"[[210.00003, 0.0]]",[]
1500511582574,33486937,[],"[[212.2603, 0.0], [212.2504, 4.578949]]"
1500511582745,33486938,"[[209.6944, 0.0], [209.7043, 3.053992]]",[]
1500511583321,33486939,[],"[[228.35, 46.29], [226.51, 0.0]]"
1500511583803,33486940,[],"[[210.578, 0.0]]"
1500511583832,33486941,[],"[[210.57799395, 2.113699]]"
1500511584038,33486942,"[[209.7043, 0.0], [209.7142, 3.023452]]",[]
1500511584038,33486943,[],"[[212.2504, 0.0], [212.2405, 4.533159]]"
1500511584167,33486944,"[[210.11738327, 0.570976], [210.11738325, 0.0]]",[]
1500511584174,33486945,"[[210.11738326, 0.0], [210.11738328, 2.965767]]",[]
1500511585598,33486946,"[[209.66552583, 0.0], [210.00042624, 5.448964]]",[]
1500511585771,33486947,"[[209.7242, 2.993217], [209.7142, 0.0]]",[]
1500511585771,33486948,[],"[[212.2306, 4.487827], [212.2405, 0.0]]"
1500511586174,33486949,"[[210.11738329, 0.570976], [210.11738327, 0.0]]",[]
1500511586183,33486950,"[[210.1173833, 2.965767], [210.11738328, 0.0]]",[]
1500511586555,33486951,[],"[[213.04722802, 0.0], [213.38753005, 88.669005]]"
1500511588144,33486952,"[[210.11738329, 0.0], [210.11738331, 0.570976]]",[]
1500511588154,33486953,"[[210.1173833, 0.0], [210.11738332, 2.965767]]",[]
1500511588316,33486954,"[[209.7242, 0.0], [209.7342, 2.963284]]",[]
1500511588316,33486955,[],"[[212.2306, 0.0], [212.2207, 4.442948]]"
1500511588663,33486956,[],"[[212.34939999, 0.0], [212.22069999, 3.223681]]"
1500511588906,33486957,[],"[[226.63, 0.0], [228.07, 46.94]]"
1500511589060,33486958,[],"[[214.9999, 0.0]]"
1500511590134,33486959,[],"[[216.4999, 99.318]]"
1500511590135,33486960,"[[210.11738333, 0.570976], [210.11738331, 0.0]]",[]
1500511590150,33486961,"[[210.11738334, 2.965767], [210.11738332, 0.0]]",[]
1500511590240,33486962,"[[210.03278609, 242.514022], [209.68447782, 0.0]]",[]
1500511590301,33486963,[],"[[220, 32.88623]]"
1500511590317,33486964,"[[209.7342, 0.0], [209.7441, 2.933651]]",[]
1500511590317,33486965,[],"[[212.2107, 3.191444], [212.2207, 0.0]]"
1500511590967,33486966,[],"[[213.06648569, 0.0], [213.42041183, 101.345278]]"
1500511591274,33486967,"[[210.11738333, 0.0], [210.11738335, 0.570976]]",[]
1500511591282,33486968,"[[210.11738336, 2.965767], [210.11738334, 0.0]]",[]
1500511591449,33486969,"[[209.7541, 2.904314], [209.7441, 0.0]]",[]
1500511591449,33486970,[],"[[212.2107, 0.0], [212.2008, 3.159529]]"
1500511591525,33486971,"[[209.68697782, 0.0]]",[]
1500511591595,33486972,"[[210.03918609, 50.89735]]",[]
1500511593223,33486973,"[[210.11738337, 0.570976], [210.11738335, 0.0]]",[]
1500511593223,33486974,"[[210.11738336, 0.0], [210.11738338, 2.965767]]",[]
1500511593430,33486975,"[[209.764, 2.87527], [209.7541, 0.0]]",[]
1500511593430,33486976,[],"[[212.1909, 3.127933], [212.2008, 0.0]]"
1500511594299,33486977,"[[210.11738337, 0.0], [210.11738339, 0.570976]]",[]
1500511594306,33486978,"[[210.1173834, 2.965767], [210.11738338, 0.0]]",[]
1500511595299,33486979,[],"[[226.64, 0.0], [228.49, 130.44]]"
1500511595471,33486980,"[[209.6478, 3.084841], [209.764, 0.0]]",[]
1500511595471,33486981,[],"[[212.181, 3.096653], [212.1909, 0.0]]"
1500511595571,33486982,"[[204.5, 0.0]]",[]
1500511596093,33486983,[],"[[212.18099999, 1.994377], [212.28999999, 0.0]]"
1500511596179,33486984,"[[210.11738341, 0.570976], [210.11738339, 0.0]]",[]
1500511596186,33486985,"[[210.11738342, 2.965767], [210.1173834, 0.0]]",[]
1500511596566,33486986,"[[204.5001, 0.0]]",[]
1500511596741,33486987,"[[209.6478, 0.0], [209.6577, 3.053992]]",[]
1500511596741,33486988,[],"[[212.1711, 3.065686], [212.181, 0.0]]"
1500511596974,33486989,"[[203.0001, 127.844]]",[]
1500511598168,33486990,"[[210.11738341, 0.0], [210.11738343, 0.570976]]",[]
1500511598184,33486991,"[[210.11738344, 3.047105], [210.11738342, 0.0]]",[]
1500511598344,33486992,"[[209.6577, 0.0], [209.6676, 3.023452]]",[]
1500511598344,33486993,[],"[[212.1711, 0.0], [212.1612, 3.035029]]"
1500511598835,33486994,[],"[[226.65, 0.0], [228.3, 19.9]]"
1500511600245,33486995,"[[210.11738343, 0.0], [210.11738345, 0.570976]]",[]
1500511600254,33486996,"[[210.11738344, 0.0], [210.11738346, 3.047105]]",[]
1500511600420,33486997,"[[209.6676, 0.0], [209.6775, 2.993217]]",[]
1500511600420,33486998,[],"[[212.1612, 0.0], [212.1513, 3.004678]]"
1500511600679,33486999,[],"[[216.4999, 0.0]]"
1500511601101,33487000,[],"[[217.9999, 99.318]]"
1500511602209,33487001,"[[210.11738347, 0.570976], [210.11738345, 0.0]]",[]
1500511602216,33487002,"[[210.11738348, 3.047105], [210.11738346, 0.0]]",[]
1500511602392,33487003,"[[209.6875, 2.963284], [209.6775, 0.0]]",[]
1500511602393,33487004,[],"[[212.1414, 2.974631], [212.1513, 0.0]]"
1500511602592,33487005,[],"[[226.66, 103.58], [228.54, 58.67]]"
1500511603249,33487006,"[[210.11738347, 0.0], [210.11738349, 0.570976]]",[]
1500511603262,33487007,"[[210.1173835, 3.047105], [210.11738348, 0.0]]",[]
1500511604398,33487008,"[[210.09432389, 9.884367], [209.63781373, 0.0]]",[]
1500511604467,33487009,"[[210.03918609, 0.0]]",[]
1500511604540,33487010,"[[210.1266835, 24.89735]]",[]
1500511604550,33487011,"[[210.12668351, 3.047105], [210.1173835, 0.0]]",[]
1500511604570,33487012,"[[209.6875, 0.0], [209.6974, 2.933651]]",[]
1500511604570,33487013,[],"[[212.1414, 0.0], [212.1315, 2.944884]]"
1500511604721,33487014,"[[210.04088609, 26.0]]",[]
1500511605162,33487015,"[[210.12668352, 0.570976], [210.11738349, 0.0]]",[]
1500511605170,33487016,"[[210.12668351, 0.0], [210.12668353, 3.047105]]",[]
1500511605364,33487017,[],"[[213.48294218, 117.022544], [213.01906895, 0.0]]"
1500511605512,33487018,"[[210.12668353, 2.8437]]",[]
1500511605684,33487019,"[[209.6974, 0.0], [209.7073, 2.904314]]",[]
1500511605684,33487020,[],"[[212.1216, 2.915435], [212.1315, 0.0]]"
1500511606176,33487021,[],"[[212.22069999, 0.0], [212.12159999, 3.223681]]"
1500511606272,33487022,"[[210.12668354, 0.570976], [210.12668352, 0.0]]",[]
1500511606284,33487023,"[[210.12668353, 0.0], [210.12668355, 2.8437]]",[]
1500511608119,33487024,[],"[[226.66, 0.0], [227.97, 318.7]]"
1500511608153,33487025,"[[210.12668354, 0.0], [210.12668356, 0.570976]]",[]
1500511608160,33487026,"[[210.12668357, 2.8437], [210.12668355, 0.0]]",[]
1500511608308,33487027,"[[209.7073, 0.0], [209.7173, 2.87527]]",[]
1500511608308,33487028,[],"[[212.1216, 0.0], [212.1116, 3.191444]]"
1500511609152,33487029,"[[210.00042624, 0.0], [210.19785399, 5.443846]]",[]
1500511609163,33487030,"[[210.197854, 2.8437], [210.12668357, 0.0]]",[]
1500511609331,33487031,"[[210.19785401, 0.570976], [210.12668356, 0.0]]",[]
1500511609358,33487032,"[[210.19785402, 2.8437], [210.197854, 0.0]]",[]
1500511609507,33487033,"[[203.0814, 3.084841], [209.7173, 0.0]]",[]
1500511609507,33487034,[],"[[212.1017, 3.159529], [212.1116, 0.0]]"
1500511609564,33487035,[],"[[213.38753005, 0.0], [213.58814212, 88.669005]]"
1500511609625,33487036,[],"[[210.57799396, 76.304231], [210.57799395, 0.0]]"
1500511611178,33487037,"[[210.19785401, 0.0], [210.19785403, 0.570976]]",[]
1500511611186,33487038,"[[210.19785404, 3.073907], [210.19785402, 0.0]]",[]
1500511611194,33487039,[],"[[210.57799395, 2.917819]]"
1500511611351,33487040,"[[203.0814, 0.0], [203.0913, 3.053992]]",[]
1500511611351,33487041,[],"[[212.0918, 3.127933], [212.1017, 0.0]]"
1500511612319,33487042,"[[210.19785405, 0.570976], [210.19785403, 0.0]]",[]
1500511612327,33487043,"[[210.19785404, 0.0], [210.19785406, 3.073907]]",[]
1500511612424,33487044,"[[203.0001, 0.0]]",[]
1500511612492,33487045,"[[203.1012, 3.023452], [203.0913, 0.0]]",[]
1500511612492,33487046,[],"[[212.0918, 0.0], [212.0819, 3.096653]]"
1500511612618,33487047,"[[210.19785399, 0.0], [210.37530384, 5.439254]]",[]
1500511612627,33487048,[],"[[211.19999999, 2.917819], [210.57799395, 0.0]]"
1500511613065,33487049,"[[209.0001, 127.844]]",[]
1500511613669,33487050,[],"[[213.58814212, 0.0], [213.76845406, 88.669005]]"
1500511613685,33487051,[],"[[228.62, 94.5], [226.68, 0.0]]"
1500511613843,33487052,"[[203.1012, 0.0], [209.01, 3.084841]]",[]
1500511613843,33487053,[],"[[212.0819, 0.0], [211.19, 2.88864]]"
1500511613852,33487054,[],"[[211.18999999, 2.917819], [211.19999999, 0.0]]"
1500511614044,33487055,"[[210.03278609, 0.0], [210.43118457, 242.054882]]",[]
1500511614187,33487056,"[[210.43118458, 0.570976], [210.19785405, 0.0]]",[]
1500511614195,33487057,"[[210.19785406, 0.0], [210.12668351, 3.073907]]",[]
1500511614799,33487058,[],"[[213.25659999, 4.901677], [213.01906894, 0.0]]"
1500511614799,33487059,[],"[[213.25659999, 6.896054], [212.18099999, 0.0]]"
1500511614930,33487060,"[[210.04088609, 0.0]]",[]
1500511614971,33487061,"[[209.0199, 3.053992], [209.01, 0.0]]",[]
1500511614971,33487062,[],"[[212.1116, 3.191444], [211.19, 0.0]]"
1500511615036,33487063,[],"[[213.82523609, 101.345278], [213.42041183, 0.0]]"
1500511615055,33487064,"[[210.1266835, 0.0]]",[]
1500511615064,33487065,"[[210.12668351, 0.0], [210.0943239, 3.073907]]",[]
1500511615205,33487066,"[[210.43728458, 24.89735]]",[]
1500511615279,33487067,"[[209.027, 26.0]]",[]
1500511615384,33487068,"[[210.37291858, 9.871278], [210.09432389, 0.0]]",[]
1500511615393,33487069,"[[210.0943239, 0.0], [210.00000001, 3.073907]]",[]
1500511616216,33487070,"[[210.43118458, 0.0], [210.43728459, 0.570976]]",[]
1500511616384,33487071,[],"[[213.76603034, 117.022544], [213.48294218, 0.0]]"
1500511616399,33487072,"[[209.0199, 0.0], [209.0369, 3.084841]]",[]
1500511616400,33487073,[],"[[212.1017, 3.159529], [212.1116, 0.0]]"
1500511617452,33487074,"[[210.43728458, 24.468326], [210.43728459, 0.0]]",[]
1500511617741,33487075,"[[209.0468, 3.053992], [209.0369, 0.0]]",[]
1500511617742,33487076,[],"[[212.0918, 3.127933], [212.1017, 0.0]]"
1500511618058,33487077,"[[209.0001, 0.0]]",[]
1500511618160,33487078,[],"[[210.57799395, 0.570976]]"
1500511618455,33487079,"[[203.0001, 127.844]]",[]
1500511619179,33487080,"[[203.0001, 0.0]]",[]
1500511619352,33487081,[],"[[228.1, 117.65], [226.7, 0.0]]"
1500511619592,33487082,"[[209.037, 127.844]]",[]
1500511619853,33487083,"[[209.0468, 0.0], [209.0567, 3.023452]]",[]
1500511620262,33487084,"[[209.037, 0.0]]",[]
1500511620696,33487085,"[[203.0001, 127.844]]",[]
1500511622478,33487086,"[[203.0001, 0.0]]",[]
1500511622648,33487087,"[[209.0666, 2.993217], [209.0567, 0.0]]",[]
1500511622736,33487088,[],"[[229.16, 60.98], [226.77, 0.0]]"
1500511622861,33487089,"[[209.0002, 127.844]]",[]
1500511623820,33487090,"[[209.0002, 0.0]]",[]
1500511623993,33487091,"[[209.0765, 2.963284], [209.0666, 0.0]]",[]
1500511624196,33487092,[],"[[229.72, 54.19], [226.83, 0.0]]"
1500511624331,33487093,"[[203.0001, 127.844]]",[]
1500511624331,33487094,[],"[[213.25659999, 10.119735], [212.12159999, 0.0]]"
1500511624853,33487095,"[[203.0001, 0.0]]",[]
1500511625047,33487096,[],"[[212.0918, 0.0], [212.0819, 3.096653]]"
1500511625253,33487097,"[[209.0667, 127.844]]",[]
1500511625347,33487098,"[[209.027, 0.0]]",[]
1500511625413,33487099,"[[209.0839, 25.57098]]",[]
1500511629152,33487100,"[[204.5001, 10.6]]",[]
1500511629324,33487101,"[[209.0938, 3.084841], [209.0765, 0.0]]",[]
1500511629325,33487102,[],"[[212.0819, 0.0], [212.072, 3.065686]]"
1500511629636,33487103,[],"[[229.21, 101.62], [226.91, 0.0]]"
1500511629863,33487104,"[[209.0667, 0.0]]",[]
1500511629871,33487105,[],"[[220, 31.88623]]"
1500511630485,33487106,"[[203.0001, 127.844]]",[]
1500511630666,33487107,"[[209.0938, 0.0], [209.1037, 3.053992]]",[]
1500511630666,33487108,[],"[[212.072, 0.0], [212.0621, 3.035029]]"
1500511631320,33487109,[],"[[213.25659999, 8.125358], [212.06209999, 1.994377]]"
1500511632476,33487110,[],"[[217.9999, 0.0]]"
1500511632666,33487111,"[[209.1136, 3.023452], [209.1037, 0.0]]",[]
1500511632666,33487112,[],"[[212.0522, 3.004678], [212.0621, 0.0]]"
1500511633141,33487113,[],"[[219.6699, 99.318]]"
1500511633670,33487114,[],"[[219.6699, 0.0]]"
1500511633839,33487115,"[[209.1235, 2.993217], [209.1136, 0.0]]",[]
1500511634165,33487116,[],"[[217.9999, 99.318]]"
1500511634382,33487117,"[[210.37291858, 0.0]]","[[210.57799396, 67.019174], [210.57799395, 0.0]]"
1500511634417,33487118,"[[210.43728459, 0.570478]]",[]
1500511634487,33487119,"[[210.43728458, 0.0]]",[]
1500511634557,33487120,"[[210.44808459, 24.46833]]",[]
1500511634572,33487121,"[[210.37530384, 0.0]]","[[210.57799396, 61.592026]]"
1500511634577,33487122,"[[203.0001, 0.0]]",[]
1500511634641,33487123,"[[210.4480846, 0.570478], [210.43728459, 0.0]]",[]
1500511634764,33487124,"[[210.4520846, 0.42902]]",[]
1500511634996,33487125,"[[204.5002, 127.844]]",[]
1500511635261,33487126,"[[210.4480846, 0.0], [210.45208461, 0.570478]]",[]
1500511635300,33487127,[],"[[228.52, 100.95], [226.92, 0.0]]"
1500511635339,33487128,[],"[[210.57799396, 0.0]]"
1500511635339,33487129,"[[210.00000001, 0.0], [210.45208462, 3.088797]]",[]
1500511635367,33487130,[],"[[214.09667206, 117.022544], [213.76603034, 0.0]]"
1500511635431,33487131,"[[209.1235, 0.0], [209.1334, 2.963284]]",[]
1500511635512,33487132,"[[209.0839, 0.0]]",[]
1500511635604,33487133,[],"[[213.76845406, 0.0], [214.24527848, 88.669005]]"
1500511635604,33487134,"[[210.45908462, 25.57098]]",[]
1500511635614,33487135,"[[210.45908463, 3.088797], [210.45208462, 0.0]]",[]
1500511636072,33487136,"[[210.43118457, 0.0], [210.09817429, 242.438545]]",[]
1500511636301,33487137,"[[210.45208461, 0.0], [210.45908464, 0.570478]]",[]
1500511636312,33487138,"[[210.45908463, 0.0], [210.45908465, 3.088797]]",[]
1500511636409,33487139,[],"[[217.9999, 0.0]]"
1500511636470,33487140,[],"[[212.0423, 2.974631], [212.0522, 0.0]]"
1500511636964,33487141,[],"[[213.48685468, 101.345278], [213.82523609, 0.0]]"
1500511637387,33487142,[],"[[219.6699, 99.318]]"
1500511637482,33487143,"[[204.5002, 0.0]]",[]
1500511638167,33487144,"[[210.45908466, 0.570478], [210.45908464, 0.0]]",[]
1500511638175,33487145,"[[210.45908465, 0.0], [210.45908467, 3.088797]]",[]
1500511638300,33487146,"[[209.0001, 127.844]]",[]
1500511638342,33487147,"[[209.1334, 0.0], [210.1081, 3.084841]]",[]
1500511638690,33487148,[],"[[229.22, 98.28], [226.94, 0.0]]"
1500511638885,33487149,[],"[[219.6699, 0.0]]"
1500511639054,33487150,[],"[[212.0324, 2.944884], [212.0423, 0.0]]"
1500511639302,33487151,[],"[[217.9999, 99.318]]"
1500511639866,33487152,[],"[[217.9999, 0.0]]"
1500511640148,33487153,"[[210.45908466, 0.0], [210.45908468, 0.570478]]",[]
1500511640158,33487154,"[[210.45908469, 3.088797], [210.45908467, 0.0]]",[]
1500511640266,33487155,[],"[[219.6698, 99.318]]"
1500511640323,33487156,"[[210.1081, 0.0], [210.1181, 3.053992]]",[]
1500511640990,33487157,[],"[[213.25659999, 8.125358]]"
1500511641371,33487158,[],"[[214.09667206, 0.0], [213.59742271, 117.022544]]"
1500511641454,33487159,[],"[[221, 1.0]]"
1500511642138,33487160,"[[210.4590847, 0.570478], [210.45908468, 0.0]]",[]
1500511642158,33487161,"[[210.45908471, 3.088797], [210.45908469, 0.0]]",[]
1500511642309,33487162,"[[210.1181, 0.0], [210.1281, 3.023452]]",[]
1500511642554,33487163,[],"[[227.39, 0.0]]"
1500511642600,33487164,[],"[[228.85, 42.02], [226.96, 0.0]]"
1500511642645,33487165,"[[210.46908471, 5.2]]",[]
1500511642654,33487166,"[[210.45908471, 0.0], [210.46908472, 3.088797]]",[]
1500511642940,33487167,[],"[[219.6698, 0.0]]"
1500511643111,33487168,[],"[[212.0225, 2.915435], [212.0324, 0.0]]"
1500511643325,33487169,[],"[[217.9999, 99.318]]"
1500511644089,33487170,"[[210.52158571, 241.95094], [210.09817429, 0.0]]",[]
1500511644100,33487171,"[[210.46908472, 0.0], [210.52158572, 3.088797]]",[]
1500511644228,33487172,"[[210.52158573, 0.570478], [210.4590847, 0.0]]",[]
1500511644236,33487173,"[[210.52158572, 0.0], [210.52158574, 3.088797]]",[]
1500511644269,33487174,"[[210.138, 2.993217], [210.1281, 0.0]]",[]
1500511645150,33487175,[],"[[213.48685468, 0.0], [213.91709532, 101.345278]]"
1500511645215,33487176,"[[210.44808459, 0.0]]",[]
1500511645269,33487177,"[[210.52158573, 0.0], [210.52158575, 0.570478]]",[]
1500511645311,33487178,"[[210.4520846, 0.0]]",[]
1500511645348,33487179,"[[210.52158574, 0.0], [210.52158576, 3.088797]]",[]
1500511645402,33487180,"[[210.52968575, 24.89735]]",[]
1500511645409,33487181,"[[210.52158576, 0.0], [210.52968576, 3.088797]]",[]
1500511645727,33487182,[],"[[213.25659999, 8.125358]]"
1500511645896,33487183,"[[210.148, 2.963284], [210.138, 0.0]]",[]
1500511646036,33487184,"[[210.45908462, 0.0]]",[]
1500511646036,33487185,"[[210.46908471, 0.0]]",[]
1500511646115,33487186,"[[210.53228576, 25.57098]]",[]
1500511646123,33487187,"[[210.53228577, 3.088797], [210.52968576, 0.0]]",[]
1500511646312,33487188,"[[210.53228578, 0.570478], [210.52158575, 0.0]]",[]
1500511646320,33487189,"[[210.53228577, 0.0], [210.53228579, 3.088797]]",[]
1500511646364,33487190,[],"[[214.32387755, 117.022544], [213.59742271, 0.0]]"
1500511646769,33487191,[],"[[211.18999999, 0.0], [211.231, 0.0], [212.0225, 0.416597], [211.2, 0.0]]"
1500511647253,33487192,"[[210.53228578, 0.0], [210.5322858, 0.570478]]",[]
1500511647260,33487193,"[[210.53228581, 3.088797], [210.53228579, 0.0]]",[]
1500511647266,33487194,[],"[[212.06209998, 1.124782]]"
1500511647421,33487195,"[[210.5422, 3.057909], [210.148, 0.0]]",[]
1500511647429,33487196,"[[210.53228581, 0.0], [210.54220001, 3.088797]]",[]
1500511647937,33487197,[],"[[217.9999, 0.0]]"
1500511648090,33487198,"[[210.52158571, 0.0], [210.7627223, 241.674121]]",[]
1500511648090,33487199,"[[210.76272231, 3.088797], [210.54220001, 0.0]]",[]
1500511648193,33487200,[],"[[228.92, 76.01], [226.99, 0.0]]"
1500511648295,33487201,"[[210.76272232, 0.570478], [210.5322858, 0.0]]",[]
1500511648308,33487202,"[[210.76272231, 0.0], [210.76272233, 3.088797]]",[]
1500511648643,33487203,"[[210.77272233, 5.2]]",[]
1500511648652,33487204,"[[210.77272234, 3.088797], [210.76272233, 0.0]]",[]
1500511648897,33487205,[],"[[219.6699, 99.318]]"
1500511648942,33487206,[],"[[213.25659999, 10.119735], [212.06209999, 0.0]]"
1500511648952,33487207,[],"[[213.25659998, 1.124782], [212.06209998, 0.0]]"
1500511648968,33487208,[],"[[214.16212121, 101.345278], [213.91709532, 0.0]]"
1500511649854,33487209,[],"[[219.6699, 0.0]]"
1500511650024,33487210,"[[210.7827, 3.057909], [210.5422, 0.0]]",[]
1500511650032,33487211,"[[210.77272234, 0.0], [210.78270001, 3.088797]]",[]
1500511650159,33487212,"[[210.76272232, 0.0], [210.78270002, 0.570478]]",[]
1500511650165,33487213,"[[210.78270003, 3.088797], [210.78270001, 0.0]]",[]
1500511650630,33487214,[],"[[217.9999, 99.318]]"
1500511650816,33487215,[],"[[212.0225, 0.0], [213.2466, 6.416321]]"
1500511650824,33487216,[],"[[213.25659998, 0.0], [213.24659999, 1.124782]]"
1500511650900,33487217,"[[210.52968575, 0.0]]",[]
1500511650970,33487218,"[[210.53228576, 0.0]]",[]
1500511651029,33487219,"[[210.78980003, 24.46833]]",[]
1500511651039,33487220,"[[210.78270003, 0.0], [210.78980004, 3.088797]]",[]
1500511651141,33487221,[],"[[214.15442121, 1.53166]]"
1500511651319,33487222,"[[210.78270002, 0.0], [210.78980005, 0.570478]]",[]
1500511651329,33487223,"[[210.78980006, 3.088797], [210.78980004, 0.0]]",[]
1500511651641,33487224,[],"[[224.0634, 3.570418]]"
1500511651812,33487225,"[[210.7827, 0.0], [210.7998, 3.057909]]",[]
1500511651819,33487226,"[[210.79980001, 3.088797], [210.78980006, 0.0]]",[]
1500511651844,33487227,"[[210.77272233, 0.0]]",[]
1500511652188,33487228,[],"[[217.9999, 0.0]]"
1500511652959,33487229,[],"[[219.6699, 99.318]]"
1500511653132,33487230,"[[210.8098, 3.057909], [210.7998, 0.0]]",[]
1500511653139,33487231,"[[210.79980001, 0.0], [210.80980001, 3.088797]]",[]
1500511653180,33487232,"[[210.80980002, 0.570478], [210.78980005, 0.0]]",[]
1500511653188,33487233,"[[210.80980001, 0.0], [210.80980003, 3.088797]]",[]
1500511653584,33487234,[],"[[214.24527848, 0.0], [214.44107586, 91.369011]]"
1500511653585,33487235,[],"[[227.09, 0.0], [228.59, 79.16]]"
1500511654736,33487236,"[[210.81980003, 5.2]]",[]
1500511654744,33487237,"[[210.81980004, 3.088797], [210.80980003, 0.0]]",[]
1500511654907,33487238,"[[210.8298, 5.148], [210.8098, 0.0]]",[]
1500511654913,33487239,"[[210.81980004, 0.0], [210.82980001, 3.088797]]",[]
1500511655163,33487240,"[[210.82980002, 0.570478], [210.80980002, 0.0]]",[]
1500511655172,33487241,"[[210.82980003, 3.088797], [210.82980001, 0.0]]",[]
1500511655751,33487242,[],"[[219.6699, 0.0]]"
1500511655927,33487243,[],"[[213.2367, 6.352157], [213.2466, 0.0]]"
1500511655935,33487244,[],"[[213.23669999, 1.124782], [213.24659999, 0.0]]"
1500511656304,33487245,"[[210.82980002, 0.0], [210.82980004, 0.570478]]",[]
1500511656311,33487246,"[[210.82980005, 3.088797], [210.82980003, 0.0]]",[]
1500511656562,33487247,[],"[[217.9999, 99.318]]"
1500511656732,33487248,"[[210.8298, 0.0], [210.8398, 3.057909]]",[]
1500511656779,33487249,"[[210.83980001, 3.088797], [210.82980005, 0.0]]",[]
1500511657107,33487250,"[[210.7627223, 0.0], [210.96052005, 241.447526]]",[]
1500511657137,33487251,"[[210.83980001, 0.0], [210.96052006, 3.088797]]",[]
1500511657260,33487252,"[[210.82980004, 0.0], [210.96052007, 0.570478]]",[]
1500511657260,33487253,"[[210.96052006, 0.0], [210.96052008, 3.088797]]",[]
1500511657496,33487254,[],"[[217.9999, 0.0]]"
1500511658233,33487255,[],"[[214.16212121, 0.0], [214.36310924, 101.345278]]"
1500511658306,33487256,"[[210.81980003, 0.0]]",[]
1500511658306,33487257,[],"[[219.6699, 99.318]]"
1500511658380,33487258,"[[210.96052009, 0.570478], [210.96052007, 0.0]]",[]
1500511658380,33487259,"[[210.96052008, 0.0], [210.9605201, 3.088797]]",[]
1500511658541,33487260,"[[210.8398, 0.0], [210.9705, 3.057909]]",[]
1500511658541,33487261,"[[210.97050001, 3.088797], [210.9605201, 0.0]]",[]
1500511658719,33487262,"[[197, 94.922999]]",[]
1500511658790,33487263,[],"[[219.6699, 0.0]]"
1500511659049,33487264,[],"[[220, 26.035799]]"
1500511659058,33487265,[],"[[213.25659999, 6.896054], [213.23669999, 4.348463]]"
1500511659067,33487266,[],"[[213.23669999, 3.223681], [213.23669998, 1.124782]]"
1500511659189,33487267,[],"[[217.9999, 99.318]]"
1500511659221,33487268,[],"[[213.2268, 6.288635], [213.2367, 0.0]]"
1500511659229,33487269,[],"[[213.23669998, 0.0], [213.22679999, 1.124782]]"
1500511659327,33487270,"[[210.97050002, 0.570478], [210.96052009, 0.0]]",[]
1500511659335,33487271,"[[210.97050003, 3.071569], [210.97050001, 0.0]]",[]
1500511659576,33487272,[],"[[229.12, 112.3], [227.12, 0.0]]"
1500511660264,33487273,"[[210.97050004, 0.570478], [210.97050002, 0.0]]",[]
1500511660271,33487274,"[[210.97050005, 3.071569], [210.97050003, 0.0]]",[]
1500511660355,33487275,[],"[[213.22679989, 0.605599]]"
1500511660370,33487276,[],"[[213.22679999, 0.0], [213.22679988, 1.124782]]"
1500511660382,33487277,[],"[[213.23669999, 64.815707]]"
1500511660440,33487278,"[[210.9705, 0.0], [210.9805, 3.040853]]",[]
1500511660446,33487279,"[[210.97050005, 0.0], [210.98050001, 3.071569]]",[]
1500511660715,33487280,"[[210.99050001, 5.2]]",[]
1500511660727,33487281,"[[210.99050002, 3.071569], [210.98050001, 0.0]]",[]
1500511661337,33487282,[],"[[217.9999, 0.0]]"
1500511661429,33487283,"[[210.78980003, 0.0]]",[]
1500511661491,33487284,[],"[[214.15442121, 0.0]]"
1500511661568,33487285,"[[211.00170002, 24.46833]]",[]
1500511661577,33487286,"[[211.00170003, 3.071569], [210.99050002, 0.0]]",[]
1500511661599,33487287,"[[210.9805, 0.0], [211.0005, 3.040853]]",[]
1500511661712,33487288,[],"[[213.22339988, 1.53166]]"
1500511661720,33487289,[],"[[213.22339987, 1.124782], [213.22679988, 0.0]]"
1500511661789,33487290,[],"[[219.6699, 99.318]]"
1500511662140,33487291,"[[210.97050004, 0.0], [211.00170004, 0.570478]]",[]
1500511662149,33487292,"[[211.00170003, 0.0], [211.00170005, 3.071569]]",[]
1500511662696,33487293,[],"[[219.6699, 0.0]]"
1500511663154,33487294,[],"[[217.9999, 99.318]]"
1500511663286,33487295,"[[211.00170004, 0.0], [211.00170006, 0.570478]]",[]
1500511663295,33487296,"[[211.00170007, 3.071569], [211.00170005, 0.0]]",[]
1500511663329,33487297,"[[211.0005, 0.0], [211.0117, 3.040853]]",[]
1500511663337,33487298,"[[211.01170001, 3.071569], [211.00170007, 0.0]]",[]
1500511663739,33487299,"[[210.99050001, 0.0]]",[]
1500511664744,33487300,"[[203.0715, 0.0]]",[]
1500511664914,33487301,"[[211.0117, 0.0], [211.0217, 3.040853]]",[]
1500511664921,33487302,"[[211.01170001, 0.0], [211.02170001, 3.071569]]",[]
1500511665152,33487303,"[[211.00170006, 0.0], [211.02170002, 0.570478]]",[]
1500511665161,33487304,"[[211.02170001, 0.0], [211.02170003, 3.071569]]",[]
1500511665576,33487305,"[[204.9303, 127.844]]",[]
1500511665576,33487306,[],"[[227.13, 0.0], [229.23, 49.71]]"
1500511665577,33487307,[],"[[213.22679989, 0.0]]"
1500511665692,33487308,"[[211.02800003, 5.39122]]",[]
1500511665701,33487309,"[[211.02170003, 0.0], [211.02800004, 3.071569]]",[]
1500511666081,33487310,"[[211.02800003, 0.0]]",[]
1500511666252,33487311,"[[211.0217, 0.0], [211.038, 3.040853]]",[]
1500511666261,33487312,"[[211.02800004, 0.0], [211.03800001, 3.071569]]",[]
1500511666295,33487313,"[[211.02170002, 0.0], [211.03800002, 0.570478]]",[]
1500511666301,33487314,"[[211.03800001, 0.0], [211.03800003, 3.071569]]",[]
1500511666307,33487315,"[[211.03280004, 4.0]]",[]
1500511666407,33487316,"[[211.03280004, 0.0]]",[]
1500511666523,33487317,"[[211.04810003, 4.0]]",[]
1500511666531,33487318,"[[211.03800003, 0.0], [211.04810004, 3.071569]]",[]
1500511666714,33487319,"[[211.04810003, 0.0]]",[]
1500511666719,33487320,"[[211.05810004, 5.2]]",[]
1500511666729,33487321,"[[211.04810004, 0.0], [211.05810005, 3.071569]]",[]
1500511667235,33487322,"[[211.03800002, 0.0], [211.05810006, 0.570478]]",[]
1500511667243,33487323,"[[211.05810005, 0.0], [211.05810007, 3.071569]]",[]
1500511667352,33487324,"[[211.15481232, 241.22536], [210.96052005, 0.0]]",[]
1500511667352,33487325,"[[211.00170002, 0.0]]",[]
1500511667353,33487326,[],"[[213.25659999, 4.901677], [213.22339986, 1.994377]]"
1500511667356,33487327,"[[211.05810007, 0.0], [211.15481233, 3.071569]]",[]
1500511667367,33487328,[],"[[213.22339987, 0.0], [213.22339985, 1.124782]]"
1500511667755,33487329,"[[211.05820004, 3.82947]]",[]
1500511667929,33487330,"[[211.038, 0.0], [211.1648, 3.040853]]",[]
1500511667951,33487331,"[[211.16480001, 3.071569], [211.15481233, 0.0]]",[]
1500511668203,33487332,"[[211.15781232, 20.63886]]",[]
1500511668203,33487333,[],"[[214.36310924, 0.0], [214.56053526, 101.345278]]"
1500511669228,33487334,"[[211.16480002, 0.570478], [211.05810006, 0.0]]",[]
1500511669236,33487335,"[[211.16480001, 0.0], [211.16480003, 3.071569]]",[]
1500511669329,33487336,"[[210.55330503, 4.953491]]",[]
1500511669498,33487337,"[[211.1648, 0.0], [211.1748, 3.040853]]",[]
1500511669507,33487338,"[[211.17480001, 3.071569], [211.16480003, 0.0]]",[]
